ENSDARG00000080128	NC_002333.1	0	0	0	0	0	0	0	0	0	0	0	0	0	0	0	0	0	0	0
ENSDARG00000080129	RF00026	0.883348229582548	0	0	0	0.609140470712645	0	2.42954657362918	1.35289482541956	0	0.922609309128644	0	0	0	1.9401396598304	1.12967720258518	1.10225281354538	1.9401396598304	0	1.12347877983512
ENSDARG00000080147	RF00001	1.32502234437382	0	0	0.66503574939717	1.82742141213794	0	2.42954657362918	5.41157930167823	5.24085922352261	16.6069675643156	24.8023658733989	20.0973972496506	31.0124544021483	69.8450277538944	42.9277336982367	40.7833541011789	69.8450277538944	78.5510909078777	77.5200358086232
ENSDARG00000080151	NC_002333.2	0	0	0	0	0	0	0	0	0	0	0	0	0	0	0	0	0	0	0
ENSDARG00000080152	dre-mir-29b-1	0	0	0	0	0	0	0	0	0	0	0	0	0	1.9401396598304	0	0	1.9401396598304	1.87026406923518	7.86435145884583
ENSDARG00000080156	RF00088	0	0	0	0	0	0	1.21477328681459	1.35289482541956	0	0	0	0	1.93827840013427	0.9700698299152	0	0	0.9700698299152	0	0
ENSDARG00000080158	RF00093	0	0	0	0	0	0	0	0	0	0	0	0	0.969139200067135	0	0	1.10225281354538	0	0	0
ENSDARG00000080168	dre-mir-15a-1	0	0	0	0	0	0	3.64431986044377	4.05868447625867	0	4.61304654564322	8.26745529113295	2.62139964125877	2.9074176002014	0.9700698299152	6.77806321551106	1.10225281354538	0.9700698299152	2.80539610385277	2.24695755967024
ENSDARG00000080170	RF00001	0.441674114791274	0	0	0	0	0	0	0	0	0	0	0	0	0	0	0	0	0	0
ENSDARG00000080172	RF00440	0.441674114791274	0	0	0	0	0	2.42954657362918	0	0	0	0	0	0	0	1.12967720258518	1.10225281354538	0	0	0
ENSDARG00000080174	dre-mir-124-5	0	1.97773115255094	0	0	0	9.78640224742019	15.7920527285897	37.8810551117476	53.7188070411067	12.916530327801	19.2907290126436	13.9807980867135	26.1667584018126	43.653142346184	28.2419300646294	34.1698372199067	43.653142346184	48.6268658001148	55.0504602119208
ENSDARG00000080181	dre-mir-499	0	0	0	0	0	0	0	0	0	0	0	0	0	0	0	0	0	0	0
ENSDARG00000080188	RF00571	0.441674114791274	0	0	0	0	30.1747402628789	80.1750369297629	39.2339499371672	37.9962293705389	47.0530747655608	38.5814580252871	10.4855985650351	8.72225280060422	5.8204189794912	7.90774041809624	2.20450562709075	5.8204189794912	1.87026406923518	1.12347877983512
ENSDARG00000080195	mir338-2	0.441674114791274	0	0	0	0	0	0	0	0	0	0	0	0	0	0	0	0	0.935132034617592	2.24695755967024
ENSDARG00000080201	RF00001	0	0	0	0	0	1.6310670412367	1.21477328681459	2.70578965083912	1.31021480588065	0.922609309128644	4.59303071729609	2.62139964125877	5.81483520040281	5.8204189794912	3.38903160775553	12.1247809489991	5.8204189794912	4.67566017308796	5.6173938991756
ENSDARG00000080203	RF00001	0	0	0	0	0	0	0	0	0	0	0	0	0	0	0	0	0	0	0
ENSDARG00000080205	RF00612	0	0	0	0	0	0	0	0	0	0	0	0	0	0	0	0	0	0	0
ENSDARG00000080218	RF00001	0	0	0	0	0	0	1.21477328681459	0	1.31021480588065	0	0.918606143459217	0	0.969139200067135	0	1.12967720258518	0	0	0	1.12347877983512
ENSDARG00000080223	RF00001	0.441674114791274	0	0	0	0	0	0	1.35289482541956	1.31021480588065	0.922609309128644	0	2.62139964125877	0	0	0	0	0	0.935132034617592	1.12347877983512
ENSDARG00000080225	RF00001	0	0	0	0	0	0	0	0	0	0	0	0	0	0	0	0	0	0	0
ENSDARG00000080238	dre-let-7c-2	0	0	0	0	0	0	0	0	0	0	0	0	0	0	0	0	0	0	0
ENSDARG00000080241	RF00001	0	0	0	0	0	0	0	0	0	0	0	0	0	0	0	0	0	0	0
ENSDARG00000080245	RF00001	0	0	0	0	0	0	0	0	0	0	0	0.873799880419591	0.969139200067135	0	1.12967720258518	0	0	0	0
ENSDARG00000080246	RF00001	0	0	0	0	0	0	0	0	0	0	0	0.873799880419591	0	0	0	1.10225281354538	0	0	0
ENSDARG00000080256	RF00001	0	0	0	0	0	0	0	0	1.31021480588065	0.922609309128644	0.918606143459217	0.873799880419591	0.969139200067135	0	0	0	0	0.935132034617592	1.12347877983512
ENSDARG00000080258	RF00026	0	0	0	0	0	0	0	0	0	0	0	0	0	0	0	0	0	0	0
ENSDARG00000080276	RF00001	0	0	0	0	0	0	0	0	0	0	0	0	0	0	0	0	0	0	0
ENSDARG00000080278	RF00001	0	0	0	0	0	0	0	0	1.31021480588065	0	0	0	0.969139200067135	0	0	0	0	0	0
ENSDARG00000080287	RF00001	0	0	0	0	0.609140470712645	0	0	0	1.31021480588065	0	0	0	0	0	0	0	0	0	0
ENSDARG00000080299	RF00001	0	0	0	0	0	0	0	0	0	0	0	0	0	0	0	0	0	0	0
ENSDARG00000080309	RF00001	0	0	0	0	0	0	0	0	0	0	0	0.873799880419591	0	0	0	0	0	0	0
ENSDARG00000080319	RF00001	0	0	0	0	0	0	0	0	0	0	0	0	0	0	0	0	0	0	0
ENSDARG00000080329	NC_002333.3	0	0	0	0	0	0	0	0	0	0	0	0	0	0	0	0	0	0	0
ENSDARG00000080337	NC_002333.4	0	0	0	0	0	0	0	0	0	0	0	0	0	0	0	0	0	0	0
ENSDARG00000080345	RF00001	0	0	0	0	0	0	0	0	0	0	0	0	0	0	0	0	0	0	0
ENSDARG00000080347	dre-mir-130b	0.441674114791274	0	0	0	0	1.6310670412367	0	0	5.24085922352261	2.76782792738593	7.34884914767374	7.86419892377632	1.93827840013427	2.9102094897456	5.64838601292589	2.20450562709075	2.9102094897456	2.80539610385277	10.1113090185161
ENSDARG00000080349	dre-mir-456	2.65004468874765	0	0	0	0	0.815533520618349	0	0	0	0	0	0	0	0	0	0	0	0	0
ENSDARG00000080351	RF00413	0	0	0	0	0	1.6310670412367	4.85909314725836	2.70578965083912	7.86128883528391	1.84521861825729	0.918606143459217	2.62139964125877	1.93827840013427	0	1.12967720258518	1.10225281354538	0	0	1.12347877983512
ENSDARG00000080370	RF00001	0	0	0	0	0	0	0	0	0	0	0	0	0	0	0	0	0	0	0
ENSDARG00000080372	RF00581	1.32502234437382	0	0	0	0	6.52426816494679	12.1477328681459	16.2347379050347	17.0327924764485	10.1487024004151	13.7790921518883	6.11659916293714	6.78397440046994	0.9700698299152	0	0	0.9700698299152	0.935132034617592	0
ENSDARG00000080384	RF00001	0.441674114791274	0	0	0	0	6.52426816494679	9.71818629451672	5.41157930167823	2.6204296117613	2.76782792738593	4.59303071729609	4.36899940209795	0	3.8802793196608	3.38903160775553	4.40901125418151	3.8802793196608	3.74052813847037	3.37043633950536
ENSDARG00000080401	NC_002333.5	0	0	0	0	0	0	0	0	0	0	0	0	0	0	0	0	0	0	0
ENSDARG00000080404	RF00026	0.883348229582548	0	0	0	0	0	0	0	0	0	0	0	0	0	0	0	0	0	0
ENSDARG00000080407	RF00001	0	0	0	0	0	0	0	0	0	0.922609309128644	0	0	0	0	0	0	0	0	0
ENSDARG00000080410	RF00548	0.883348229582548	0	0	0	0	0	0	1.35289482541956	0	0	1.83721228691843	1.74759976083918	0	0	0	0	0	0	0
ENSDARG00000080413	RF00001	0	0	0	0	0	0	0	0	0	0.922609309128644	0	0	0	0	0	0	0	0.935132034617592	0
ENSDARG00000080422	RF00211	0.441674114791274	0	0	0	0	0	4.85909314725836	4.05868447625867	2.6204296117613	0.922609309128644	0.918606143459217	0	0	0	0	1.10225281354538	0	0	0
ENSDARG00000080423	RF00001	0	0	0	0	0	0	0	0	0	0	0	0	0	0	0	0	0	0	0
ENSDARG00000080424	RF00604	0	0	0	0	0	0	0	0	0	0	0	0	0	0	0	0	0	0	0
ENSDARG00000080427	RF00001	0.441674114791274	0	0	0	0	0	0	0	0	0	0	0	0	0	0	0	0	0	1.12347877983512
ENSDARG00000080448	RF00003	0	0	0	0	0	0	0	0	0	0	0.918606143459217	0.873799880419591	0	0	0	0	0	0	0
ENSDARG00000080449	RF00001	0	0	0	0	0	0	0	0	0	0	0	0	0	0	0	0	0	0	0
ENSDARG00000080450	RF00566	0	0	0	0.66503574939717	0	4.89320112371009	26.725012309921	16.2347379050347	15.7225776705678	5.53565585477186	7.34884914767374	3.49519952167836	4.84569600033567	0.9700698299152	3.38903160775553	1.10225281354538	0.9700698299152	1.87026406923518	1.12347877983512
ENSDARG00000080453	mir140	0	0	0	0	0	0	0	0	0	0	0	0	0.969139200067135	1.9401396598304	0	0	1.9401396598304	1.87026406923518	0
ENSDARG00000080462	RF00342	0	0	0	0	0	0	0	0	0	0.922609309128644	0	1.74759976083918	0	0	0	0	0	0	0
ENSDARG00000080467	dre-mir-183	0	0	0	0	0	0	0	0	0	0	0	0	0	0	0	0	0	0	0
ENSDARG00000080484	dre-mir-21-2	0.441674114791274	0	0	0	0	0	0	2.70578965083912	1.31021480588065	0.922609309128644	0.918606143459217	0.873799880419591	0.969139200067135	0	0	2.20450562709075	0	0	0
ENSDARG00000080487	RF00001	0	0	0	0	0	0	0	0	0	1.84521861825729	0	0	0	0	0	0	0	0	0
ENSDARG00000080489	dre-mir-141	0	0	0	0	0	0	0	0	0	0	0	1.74759976083918	0	0	0	2.20450562709075	0	0	2.24695755967024
ENSDARG00000080493	RF00377	1.32502234437382	0	2.51335201915662	1.33007149879434	3.04570235356323	11.4174692886569	44.9466116121398	16.2347379050347	6.55107402940326	0	0	0	0.969139200067135	0	0	0	0	0	0
ENSDARG00000080499	RF00396	0.441674114791274	0	0	0	0	0.815533520618349	4.85909314725836	9.4702637779369	1.31021480588065	2.76782792738593	18.3721228691843	5.24279928251755	3.87655680026854	1.9401396598304	2.25935440517035	0	1.9401396598304	0.935132034617592	1.12347877983512
ENSDARG00000080504	RF00001	0	0	0	0	0	0	0	0	1.31021480588065	0	0	0	0	0	0	0	0	0	0
ENSDARG00000080508	dre-mir-125c	0	0	0	0	0	0	0	0	0	0	0.918606143459217	0	0	0	1.12967720258518	0	0	0	0
ENSDARG00000080512	RF00003	0	0	0	0	0	0	0	0	0	0	0	0	0	0	0	0	0	0	0
ENSDARG00000080515	dre-let-7j	0	0	0	0	0	0	0	0	0	0	0	0.873799880419591	0.969139200067135	3.8802793196608	1.12967720258518	0	3.8802793196608	0	0
ENSDARG00000080523	RF01299	0	0	0	0	0	0	2.42954657362918	0	0	0	0	0	0	0	0	0	0	0	0
ENSDARG00000080531	RF00089	0.883348229582548	0	0	0	0	5.70873464432844	12.1477328681459	10.8231586033565	5.24085922352261	8.30348378215779	8.26745529113295	5.24279928251755	1.93827840013427	0.9700698299152	3.38903160775553	1.10225281354538	0.9700698299152	0.935132034617592	0
ENSDARG00000080532	RF00056	0	0	0	0.66503574939717	0	1.6310670412367	2.42954657362918	2.70578965083912	1.31021480588065	3.69043723651457	0	1.74759976083918	0	0	0	1.10225281354538	0	1.87026406923518	0
ENSDARG00000080548	dre-mir-23a-1	0	0	0	0	0	0	0	0	0	0	0	0	0	0	0	0	0	0	0
ENSDARG00000080551	dre-mir-153a	0	0	0	0	0	0	0	0	0	0	0	0	0	0	0	0	0	0	0
ENSDARG00000080562	RF00619	2.65004468874765	0	0	0	0	0	1.21477328681459	0	1.31021480588065	0	0	0	0	0	0	0	0	0	0
ENSDARG00000080565	dre-mir-212	0	0	0	0	0	0	0	0	0	0	0	0	0	0.9700698299152	0	0	0.9700698299152	4.67566017308796	5.6173938991756
ENSDARG00000080568	dre-mir-731	0	0	0	0	0	0	0	0	0	0	0	0	0	0	0	0	0	0	0
ENSDARG00000080572	RF00001	0	0	0	0	0	0	0	0	0	0	0.918606143459217	0	0	0	0	0	0	0	1.12347877983512
ENSDARG00000080573	dre-mir-135c-2	0	0	0	0	0	0	0	0	0	0	0	0	0	0	0	0	0	0	0
ENSDARG00000080578	dre-mir-455-2	0	0	0	0	0	0	0	0	0	0	0	0	0	0	0	0	0	0	0
ENSDARG00000080579	dre-mir-26b	0.441674114791274	0	0	0	0	0	0	0	0	0	0	0.873799880419591	0.969139200067135	1.9401396598304	2.25935440517035	0	1.9401396598304	2.80539610385277	5.6173938991756
ENSDARG00000080589	mir223	0.441674114791274	0	0	0	0	0	0	0	1.31021480588065	0	0	1.74759976083918	0	0	2.25935440517035	0	0	0	0
ENSDARG00000080591	dre-mir-26a-1	0	0	0	0	0	0	0	0	0	0.922609309128644	0	0	0	0	0	1.10225281354538	0	0	0
ENSDARG00000080594	dre-mir-9-3	0	0	0	0	0	0	0	0	0	0	0	0	0	0	0	1.10225281354538	0	0	1.12347877983512
ENSDARG00000080599	dre-mir-24-3	0.441674114791274	0	0	0	0	0	0	0	0	0.922609309128644	0.918606143459217	0	0	0.9700698299152	0	1.10225281354538	0.9700698299152	0.935132034617592	3.37043633950536
ENSDARG00000080608	dre-mir-724	0	0	0	0	0	0	0	0	0	0	0	0	0	0	0	0	0	0.935132034617592	0
ENSDARG00000080612	dre-mir-9-2	0	0	0	0	0	0	0	0	0	0	0	0.873799880419591	0	0.9700698299152	0	0	0.9700698299152	0	1.12347877983512
ENSDARG00000080630	NC_002333.6	0	0	0	0	0	0	0	0	0	0	0	0	0	0	0	0	0	0	0
ENSDARG00000080633	RF00096	1.32502234437382	0	0	0	0	0	0	0	0	0	0	0	0	0	1.12967720258518	0	0	0.935132034617592	2.24695755967024
ENSDARG00000080636	RF00093	0	0	0	0	0	1.6310670412367	0	0	1.31021480588065	0.922609309128644	1.83721228691843	0.873799880419591	0.969139200067135	0	0	0	0	0	0
ENSDARG00000080641	dre-mir-10b-1	0	0	0	0	0	0	0	0	0	0	0	0	0	0	0	0	0	0	0
ENSDARG00000080645	RF00001	0	0	0	0	0	0	0	0	0	0.922609309128644	0.918606143459217	0	0.969139200067135	0	0	0	0	0	0
ENSDARG00000080647	RF00396	0.883348229582548	0	0	0	0.609140470712645	0	0	0	1.31021480588065	4.61304654564322	1.83721228691843	3.49519952167836	0	0	1.12967720258518	8.81802250836301	0	3.74052813847037	5.6173938991756
ENSDARG00000080655	dre-mir-124-1	0	0	0	0	0	0	0	0	0	0	0	0	0	0.9700698299152	0	0	0.9700698299152	0	0
ENSDARG00000080661	RF00001	0.441674114791274	0	0	0	0	0	0	0	0	0	0	0.873799880419591	0	1.9401396598304	0	0	1.9401396598304	0	1.12347877983512
ENSDARG00000080664	RF00001	0	0	0	0	0	0	0	0	0	0	0	0	0	0	0	0	0	0	0
ENSDARG00000080667	RF00001	0	0	0	0	0	0	0	0	1.31021480588065	0	0	0.873799880419591	0	0	1.12967720258518	0	0	0	1.12347877983512
ENSDARG00000080675	si:dkey-71b5.7	7.50845995145166	1.97773115255094	3.77002802873493	0.66503574939717	1.21828094142529	3.2621340824734	12.1477328681459	21.6463172067129	49.7881626234648	94.1061495311217	93.6978266328402	117.962983856645	98.8521984068478	533.53840645336	188.656092831725	256.824905556073	533.53840645336	536.765787870498	640.382904506018
ENSDARG00000080681	dre-mir-730	0	0	0	0	0	0	0	0	0	0	0	0	0	0	0	0	0	0.935132034617592	0
ENSDARG00000080682	RF00001	0	0	0	0	0	0	0	0	0	0	0	0	0	0	0	1.10225281354538	0	0	0
ENSDARG00000080685	RF00407	10.1585046401993	0	0	0	0	0	2.42954657362918	4.05868447625867	5.24085922352261	5.53565585477186	4.59303071729609	4.36899940209795	1.93827840013427	1.9401396598304	1.12967720258518	1.10225281354538	1.9401396598304	1.87026406923518	2.24695755967024
ENSDARG00000080698	RF00070	0.883348229582548	0	0	0	0.609140470712645	0	2.42954657362918	1.35289482541956	1.31021480588065	6.45826516390051	1.83721228691843	3.49519952167836	1.93827840013427	0	0	0	0	0	1.12347877983512
ENSDARG00000080708	dre-mir-375-2	0.883348229582548	0	1.25667600957831	0	0	0.815533520618349	0	0	0	0	0.918606143459217	0.873799880419591	0.969139200067135	2.9102094897456	4.51870881034071	1.10225281354538	2.9102094897456	2.80539610385277	2.24695755967024
ENSDARG00000080713	dre-mir-200c	0	0	0	0	0	0	0	0	0	0	0	0	0	0	0	0	0	0	0
ENSDARG00000080718	NC_002333.7	0	0	0	0	0	0	0	0	0	0	0	0	0	0	0	0	0	0	0
ENSDARG00000080727	RF00001	0	0	0	0	0	0	0	0	0	0	0	0	0	0	0	0	0	0	0
ENSDARG00000080732	RF00001	0	0	0	0	0	1.6310670412367	0	4.05868447625867	1.31021480588065	0	1.83721228691843	1.74759976083918	0	0	0	2.20450562709075	0	0.935132034617592	1.12347877983512
ENSDARG00000080738	RF00001	0	0	0	0	0	0	0	0	0	0	0	0	0	0	0	0	0	0	0
ENSDARG00000080742	dre-mir-17a-2	0	0	0	0	0	0	0	0	0	0	0	0	0	0	0	0	0	0	0
ENSDARG00000080744	RF00611	0	0	0	0	0	0	0	0	0	1.84521861825729	0	0	0.969139200067135	0	0	0	0	0	0
ENSDARG00000080745	RF00007	0	0	0	0	0	0.815533520618349	1.21477328681459	0	1.31021480588065	0	0	0.873799880419591	0	0	0	0	0	0	0
ENSDARG00000080758	dre-mir-181a-2	0	0	0	0	0	0	0	0	0	0	0	0	0	0	0	0	0	0	0
ENSDARG00000080774	RF00004	0	0	1.25667600957831	0	0	35.8834749072074	38.8727451780669	47.3513188896845	14.4123628646872	4.61304654564322	0.918606143459217	3.49519952167836	4.84569600033567	0.9700698299152	0	0	0.9700698299152	0.935132034617592	0
ENSDARG00000080775	RF00571	7.50845995145166	0	0	0	0	86.446553185545	195.578499177149	177.229222129962	226.667161417353	197.43839215353	166.267711966118	87.3799880419591	94.9756416065792	29.102094897456	46.3167653059923	28.6585731521798	29.102094897456	25.248564934675	8.98783023868095
ENSDARG00000080777	RF01225	0.883348229582548	0	0	0	0	0	6.07386643407295	2.70578965083912	2.6204296117613	4.61304654564322	0	0	0	0	1.12967720258518	0	0	0	0
ENSDARG00000080781	RF00001	0	0	0	0	0	0	0	0	0	0	0	0.873799880419591	0	0	0	1.10225281354538	0	0	1.12347877983512
ENSDARG00000080783	mir16c	0	0	0	0	0	0	0	0	0	0	0	0	0	0	0	0	0	0	0
ENSDARG00000080787	RF00003	0	0	0	0	0	0	0	0	0	0	0	0	0	0	0	0	0	0	0
ENSDARG00000080790	RF00001	0	0	0	0	0	0	0	0	0	0	0.918606143459217	0	0	0	0	0	0	0	1.12347877983512
ENSDARG00000080804	RF00001	0	0	0	0	0	0	0	0	0	0	0	0	0	0	0	0	0	0	0
ENSDARG00000080823	RF00045	1.7666964591651	0	0	0	0	6.52426816494679	25.5102390231064	27.0578965083912	11.7919332529259	16.6069675643156	10.1046675780514	5.24279928251755	6.78397440046994	4.850349149576	1.12967720258518	6.61351688127226	4.850349149576	1.87026406923518	1.12347877983512
ENSDARG00000080833	dre-mir-27b	0	0	0	0	0	0	0	0	0	0	0	0	0	0	0	1.10225281354538	0	0	2.24695755967024
ENSDARG00000080835	RF00001	0	0	0	0	0	0	0	0	0	0	0	0	0	0	2.25935440517035	1.10225281354538	0	0	0
ENSDARG00000080838	dre-mir-152	0	0	0	0	0	0	0	0	0	0	0	0	0	0	0	0	0	0	0
ENSDARG00000080840	RF00396	0	0	0	0	0	0	0	0	0	0	0	0	0	0	0	0	0	0	0
ENSDARG00000080842	RF00001	0.441674114791274	0	0	0	0	0.815533520618349	0	1.35289482541956	0	0	0	0	0	0.9700698299152	0	1.10225281354538	0.9700698299152	3.74052813847037	3.37043633950536
ENSDARG00000080851	dre-mir-194a	0	0	0	0	0	0	0	0	0	0	0	0	0	0	0	0	0	0.935132034617592	1.12347877983512
ENSDARG00000080855	RF00056	0.441674114791274	0	0	0	0	0	2.42954657362918	2.70578965083912	6.55107402940326	2.76782792738593	0.918606143459217	0.873799880419591	0.969139200067135	0.9700698299152	0	2.20450562709075	0.9700698299152	0.935132034617592	0
ENSDARG00000080888	dre-mir-1788	0	0	0	0	0	0	0	0	0	0	0	0	0.969139200067135	0	0	0	0	0	0
ENSDARG00000080890	dre-let-7a-5	0	0	0	0	0	0	0	0	0	0	0	0	0	0.9700698299152	0	1.10225281354538	0.9700698299152	0.935132034617592	0
ENSDARG00000080893	dre-mir-722	0	0	0	0	0	0	0	0	0	0	0	0	0	0	0	0	0	0	0
ENSDARG00000080895	RF01291	232.762258495002	0	0	0	0	0	1.21477328681459	0	0	0.922609309128644	0	0	0	0	0	0	0	0	0
ENSDARG00000080902	RF00003	1.32502234437382	0	0	0	0	0	0	0	0	0	0	0	0	0	0	0	0	0.935132034617592	0
ENSDARG00000080918	RF00001	0.441674114791274	0	0	0	0	0.815533520618349	1.21477328681459	0	1.31021480588065	0.922609309128644	0.918606143459217	4.36899940209795	0.969139200067135	0	1.12967720258518	1.10225281354538	0	0	0
ENSDARG00000080922	RF00001	0.883348229582548	0	0	0	0	0.815533520618349	1.21477328681459	1.35289482541956	2.6204296117613	2.76782792738593	4.59303071729609	6.11659916293714	0	0.9700698299152	3.38903160775553	1.10225281354538	0.9700698299152	0.935132034617592	2.24695755967024
ENSDARG00000080923	dre-mir-24-1	0	0	0	0	0	0	0	0	0	0	0	0	0	0	0	0	0	0	0
ENSDARG00000080924	RF00152	0	0	0	0	0	0	2.42954657362918	1.35289482541956	2.6204296117613	2.76782792738593	0	0	0	0	1.12967720258518	0	0	0	0
ENSDARG00000080931	dre-mir-18b	1.32502234437382	0	0	0	0	0.815533520618349	0	0	0	0	0.918606143459217	0	0	0	0	0	0	0	0
ENSDARG00000080933	RF00001	0	0	0	0	0	0	0	0	0	0	0	0	0	0	0	0	0	0	0
ENSDARG00000080934	RF00001	0	0	0	0	0	0	0	0	0	0	0	0.873799880419591	0	0.9700698299152	0	0	0.9700698299152	0.935132034617592	1.12347877983512
ENSDARG00000080936	RF00049	0	0	0	0	0	0	0	0	0	0	0	0	0	0	0	0	0	0	0
ENSDARG00000080938	RF00575	1.7666964591651	1.97773115255094	0	0.66503574939717	0	0.815533520618349	0	0	0	0	0	0	0	0	0	0	0	0	0
ENSDARG00000080942	RF00572	14.1335716733208	0	0	0	0	0	0	0	0	0	0	0	0	0	0	0	0	0	0
ENSDARG00000080950	RF00001	0	0	0	0	0	0	0	0	0	0	0	0	0	0	0	0	0	0.935132034617592	0
ENSDARG00000080952	dre-mir-30c	0	0	0	0	0	0	0	0	0	0	0	0	0	0	0	0	0	0	0
ENSDARG00000080961	dre-mir-31	0	0	0	0	0	0	0	1.35289482541956	0	0	0	0	0	0.9700698299152	0	0	0.9700698299152	0	2.24695755967024
ENSDARG00000080977	RF00001	0	0	0	0	0	0	0	0	0	0	2.75581843037765	0.873799880419591	0	0.9700698299152	1.12967720258518	0	0.9700698299152	0	1.12347877983512
ENSDARG00000080987	RF00030	26.9421210022677	0	0	1.33007149879434	0	1.6310670412367	7.28863972088754	1.35289482541956	2.6204296117613	9.22609309128644	4.59303071729609	1.74759976083918	0	0	3.38903160775553	1.10225281354538	0	0	0
ENSDARG00000080999	RF00001	0	0	0	0	0	0	0	0	0	0	0	0	0	0	0	0	0	0	0
ENSDARG00000081015	RF00066	0	0	0	0	0	0	0	0	0	0	0	0	0	1.9401396598304	0	1.10225281354538	1.9401396598304	0.935132034617592	0
ENSDARG00000081029	RF00020	0	0	0	0	0	1.6310670412367	0	1.35289482541956	0	0	1.83721228691843	0.873799880419591	0.969139200067135	0	1.12967720258518	0	0	0.935132034617592	0
ENSDARG00000081030	RF00273	0	0	0	0	0	4.07766760309174	2.42954657362918	1.35289482541956	2.6204296117613	1.84521861825729	3.67442457383687	0.873799880419591	0	0.9700698299152	0	2.20450562709075	0.9700698299152	0	0
ENSDARG00000081032	RF00001	0	0	0	0	0	0	0	0	0	0	0	0	0	0	0	0	0	0	0
ENSDARG00000081044	dre-mir-125a-2	0	0	0	0	0	0	0	0	0	0	0.918606143459217	0	0	4.850349149576	0	1.10225281354538	4.850349149576	2.80539610385277	3.37043633950536
ENSDARG00000081047	dre-mir-135a	0	0	0	0	0	0	0	0	0	0	0	0	0	0	0	0	0	0	2.24695755967024
ENSDARG00000081059	RF00001	0	0	0	0	0	0	0	0	0	0	0	0	0	0	0	0	0	0	1.12347877983512
ENSDARG00000081067	RF00001	0	0	0	0	0	0	0	0	0	0	0	0	0	0	0	0	0	0	0
ENSDARG00000081069	RF00001	0	0	0	0	0	0	0	0	0	0	0	0	0	0	0	0	0	0	0
ENSDARG00000081078	RF00001	0	0	0	0	0	0	0	0	0	0	0	0	0	0	0	0	0	0	1.12347877983512
ENSDARG00000081082	RF00190	0	0	0	0	0	0	0	0	0	0	0	0	0	0	0	0	0	0	0
ENSDARG00000081087	dre-mir-728	0	0	0	0	0	0	0	0	0	0	0	0	0	0	0	0	0	0	0
ENSDARG00000081095	dre-mir-182	0	0	0	0	0	0	0	0	0	0	0	0.873799880419591	0	0.9700698299152	0	2.20450562709075	0.9700698299152	0	2.24695755967024
ENSDARG00000081096	RF00001	0	0	0	0	0	0	0	8.11736895251735	14.4123628646872	12.916530327801	5.5116368607553	1.74759976083918	0.969139200067135	0.9700698299152	0	3.30675844063613	0.9700698299152	3.74052813847037	5.6173938991756
ENSDARG00000081098	mir196d	0	0	0	0	0	0	0	0	0	1.84521861825729	0	0.873799880419591	0.969139200067135	0	0	0	0	0.935132034617592	0
ENSDARG00000081103	RF01290	0	0	0	0	0	0.815533520618349	0	0	0	0	0	0	0	0	0	0	0	0	0
ENSDARG00000081104	RF00001	0	0	0	0	0.609140470712645	0	0	0	0	0	0	0.873799880419591	0	0	0	0	0	0.935132034617592	0
ENSDARG00000081105	dre-mir-204-1	0	0	0	0	0	0	0	0	0	0	0	0	0	0	0	0	0	0	1.12347877983512
ENSDARG00000081106	RF00001	0	0	0	0	0	0	0	0	0	0	0	0	0	0	0	0	0	0	0
ENSDARG00000081109	dre-mir-7b	0.441674114791274	0	0	0	0	0.815533520618349	3.64431986044377	1.35289482541956	5.24085922352261	7.38087447302915	6.43024300421452	2.62139964125877	5.81483520040281	7.7605586393216	3.38903160775553	3.30675844063613	7.7605586393216	5.61079220770555	4.49391511934048
ENSDARG00000081119	RF00001	0	0	0	0	0	0	0	0	0	0	0	0.873799880419591	0	0	0	0	0	0	0
ENSDARG00000081126	RF01296	10.6001787549906	0	0	0	0	9.78640224742019	1.21477328681459	2.70578965083912	0	0.922609309128644	1.83721228691843	0	0	0	0	0	0	0	0
ENSDARG00000081145	dre-mir-181b-1	0.441674114791274	0	0	0	0	0	0	0	0	0	2.75581843037765	5.24279928251755	5.81483520040281	7.7605586393216	2.25935440517035	5.51126406772688	7.7605586393216	6.54592424232314	7.86435145884583
ENSDARG00000081146	RF00001	0	0	0	0	0	0	0	0	0	0	0	0	0	0	0	0	0	0	0
ENSDARG00000081158	RF00001	0	0	0	0	0	0	0	0	0	0	0	0	0	0	0	0	0	0	1.12347877983512
ENSDARG00000081163	dre-mir-153c	0.441674114791274	0	0	0	0	0	0	0	1.31021480588065	0	4.59303071729609	7.86419892377632	6.78397440046994	2.9102094897456	4.51870881034071	3.30675844063613	2.9102094897456	1.87026406923518	0
ENSDARG00000081177	RF00001	0	0	0	0	0	0	0	0	0	0	0	0	0	0	0	0	0	0	0
ENSDARG00000081182	dre-mir-15b	0	0	0	0	0.609140470712645	0	0	0	0	0	0	0.873799880419591	0.969139200067135	0	0	0	0	0	0
ENSDARG00000081190	dre-mir-132-1	0	0	0	0	0	0	0	0	0	0	0	0	0	1.9401396598304	0	1.10225281354538	1.9401396598304	11.2215844154111	16.8521816975268
ENSDARG00000081192	RF00020	0.441674114791274	0	0	0	0	0	0	0	0	0	0	0	0	0	0	0	0	0	0
ENSDARG00000081194	RF00001	0	0	0	0	0	0	0	1.35289482541956	0	0	0	0	0	0	0	0	0	0	0
ENSDARG00000081196	RF00001	0	0	0	0	0	0	0	1.35289482541956	0	0	0.918606143459217	0	0	0	0	0	0	0	0
ENSDARG00000081202	RF00001	0	0	0	0	0	0	0	0	0	0	0	0	0	0	0	0	0	0	0
ENSDARG00000081218	RF00002	6332.2817837625	2774.75680702897	2404.02120632331	1330.07149879434	1678.18199681334	3197.70693434455	1551.26548726223	1034.96454144596	410.097234240644	200.206220080916	69.8140669029005	42.81619414056	32.9507328022826	0.9700698299152	15.8154808361925	2.20450562709075	0.9700698299152	0	0
ENSDARG00000081220	dre-mir-34a	0	0	0	0	0	0	0	0	0	0	0	0	0	0	0	0	0	0	0
ENSDARG00000081224	dre-mir-26a-3	0.441674114791274	0	0	0	0	0	0	0	0	0	0	0.873799880419591	0	0	0	0	0	0.935132034617592	0
ENSDARG00000081232	dre-mir-454b	0.883348229582548	0	0	0	0	0	0	0	1.31021480588065	3.69043723651457	1.83721228691843	0.873799880419591	0	3.8802793196608	2.25935440517035	0	3.8802793196608	0.935132034617592	2.24695755967024
ENSDARG00000081238	RF00001	0	0	0	0	0	0	0	0	0	0	0	0	0	0	0	0	0	0	0
ENSDARG00000081240	RF00001	0	0	0	0	0	0	0	0	0	0.922609309128644	1.83721228691843	0.873799880419591	0.969139200067135	0.9700698299152	1.12967720258518	2.20450562709075	0.9700698299152	0	0
ENSDARG00000081252	dre-mir-16b	1.7666964591651	0	0	0	0	4.07766760309174	20.651145875848	20.2934223812934	23.5838665058517	21.2200141099588	23.8837597299396	12.2331983258743	24.2284800016784	18.4313267683888	23.7232212542887	31.9653315928159	18.4313267683888	12.1567164500287	22.4695755967024
ENSDARG00000081256	RF00001	0	0	0	0	0	0	0	0	1.31021480588065	0	0	0	0	0	0	0	0	0	0
ENSDARG00000081270	rn7sk	153.260917832572	0	0	0.66503574939717	0	1.6310670412367	23.0806924494772	35.1752654609085	61.5800958763906	166.069675643156	52.3605501771754	83.8847885202807	70.7471616049009	13.5809776188128	57.613537331844	18.7382978302714	13.5809776188128	14.9621125538815	12.3582665781863
ENSDARG00000081280	NC_002333.8	0	0	0	0	0	0	0	0	0	0	0	0	0	0	0	0	0	0	0
ENSDARG00000081284	dre-mir-29b-2	0	0	0	0	0	0	0	0	0	0	0	0	0	1.9401396598304	0	1.10225281354538	1.9401396598304	0	1.12347877983512
ENSDARG00000081294	RF00001	0	0	0	0	0	0	0	0	0	0	0	0	0	0	0	0	0	0.935132034617592	0
ENSDARG00000081299	BX936308.1	9.71683052540803	0	1.25667600957831	3.32517874698585	2.43656188285058	4.07766760309174	2.42954657362918	4.05868447625867	3.93064441764196	0.922609309128644	4.59303071729609	2.62139964125877	6.78397440046994	81.4858657128768	18.0748352413628	57.3171463043596	81.4858657128768	118.761768396434	125.829623341533
ENSDARG00000081303	mir363	0	0	0	0	0	0	1.21477328681459	0	5.24085922352261	15.6843582551869	37.6628518818279	13.9807980867135	31.0124544021483	5.8204189794912	18.0748352413628	13.2270337625445	5.8204189794912	1.87026406923518	3.37043633950536
ENSDARG00000081311	dre-mir-124-2	0	0	0	0	0	0.815533520618349	1.21477328681459	0	2.6204296117613	0	0.918606143459217	0.873799880419591	3.87655680026854	16.4911871085584	7.90774041809624	34.1698372199067	16.4911871085584	9.35132034617592	5.6173938991756
ENSDARG00000081313	dre-mir-9-7	0	0	0	0	0	0	0	0	0	0	0	0	0	0	1.12967720258518	1.10225281354538	0	0	0
ENSDARG00000081315	mir99-2	0	0	0	0	0	0	0	0	0	0	0	0	0	0	0	0	0	0	0
ENSDARG00000081329	RF00001	0	0	0	0	0	0	0	0	0	0	0	0	0	0	0	0	0	0	0
ENSDARG00000081331	dre-mir-138-1	0	0	0	0	0	0	0	0	0	0	0	0	0	0	0	0	0	0	0
ENSDARG00000081335	RF00001	0	0	0	0	0	0	0	0	0	0	0	0	0	0	0	1.10225281354538	0	0	0
ENSDARG00000081340	RF00001	0	0	0	0	0	0	0	0	0	0	0	0	0	0	0	0	0	0	0
ENSDARG00000081346	mir196b	0	0	0	0	0	0	0	0	0	2.76782792738593	0.918606143459217	0	0	0	0	0	0	0	0
ENSDARG00000081347	dre-mir-101b	0	0	0	0	0	0	1.21477328681459	0	1.31021480588065	0.922609309128644	1.83721228691843	0	0	1.9401396598304	0	0	1.9401396598304	0	0
ENSDARG00000081350	dre-mir-125b-1	0	0	0	0	0	0	0	0	0	0	0	0	0	2.9102094897456	1.12967720258518	1.10225281354538	2.9102094897456	0	0
ENSDARG00000081351	RF00001	0	0	0	0	0	0	0	1.35289482541956	0	0	0	0	0	0	0	1.10225281354538	0	0.935132034617592	0
ENSDARG00000081362	dre-mir-9-5	0	0	0	0.66503574939717	0	0	0	0	0	0	0	0	0.969139200067135	1.9401396598304	1.12967720258518	1.10225281354538	1.9401396598304	0	0
ENSDARG00000081366	dre-mir-15c	0	0	0	0	0	0	1.21477328681459	1.35289482541956	0	0	0	0	0	0	0	0	0	0	0
ENSDARG00000081369	NC_002333.9	0	0	0	0	0	0	0	0	0	0	0	0	0	0	0	0	0	0	0
ENSDARG00000081375	dre-mir-457b	0.441674114791274	0	0	0	0	2.44660056185505	2.42954657362918	1.35289482541956	3.93064441764196	5.53565585477186	11.9418798649698	5.24279928251755	1.93827840013427	3.8802793196608	1.12967720258518	6.61351688127226	3.8802793196608	3.74052813847037	0
ENSDARG00000081379	RF00096	0	0	0	0	0	0	0	0	0	0	0	0	0	0.9700698299152	0	0	0.9700698299152	0	0
ENSDARG00000081399	dre-mir-200a	0	0	0	0	0	0	0	0	0	0	0	0	0	0	0	0	0	0	0
ENSDARG00000081405	RF00001	0	0	0	0	0	0	0	0	0	0	0	0	0	0	0	0	0	0	0
ENSDARG00000081415	RF00001	0	0	0	0	0	0	0	0	0	0	0	0	0	0	0	1.10225281354538	0	0	0
ENSDARG00000081423	dre-mir-124-3	0	0	0	0	0	0	0	0	1.31021480588065	1.84521861825729	3.67442457383687	5.24279928251755	2.9074176002014	8.73062846923679	5.64838601292589	5.51126406772688	8.73062846923679	10.2864523807935	12.3582665781863
ENSDARG00000081431	RF00004	0	0	0	0	0	0	0	0	0	0.922609309128644	0.918606143459217	0	0	0	0	0	0	0	0
ENSDARG00000081438	dre-mir-429a	0	0	0	0	0	0	0	0	0	0	0	0	0	0	0	0	0	0	0
ENSDARG00000081440	RF00072	0	0	0	0	0	0	0	0	0	0	0	0	0	0	0	0	0	0	0
ENSDARG00000081442	dre-let-7c-1	0	0	0	0	0	0	0	0	0	0	0	0	0.969139200067135	0.9700698299152	1.12967720258518	0	0.9700698299152	0	0
ENSDARG00000081443	NC_002333.10	0	0	0	0	0	0	0	0	0	0	0	0	0	0	0	0	0	0	0
ENSDARG00000081445	RF00020	0	0	0	0	0	0	0	0	0	0	0	0	0	0	0	0	0	0	0
ENSDARG00000081450	RF00581	0.883348229582548	0	0	0	0	0.815533520618349	8.50341300770213	0	1.31021480588065	3.69043723651457	0.918606143459217	0.873799880419591	1.93827840013427	0.9700698299152	0	0	0.9700698299152	0	0
ENSDARG00000081453	mir100-2	0	0	0	0	0	0	0	0	0	0	0	0	0	0	0	0	0	0	0
ENSDARG00000081470	RF00001	0	0	0	0	0	0	0	0	0	0	0	0	0	0	0	0	0	0	0
ENSDARG00000081473	CR847953.2	0	0	0	0	0	0	0	0	0	0	0	0	0	0	0	0	0	0	0
ENSDARG00000081475	NC_002333.11	0	0	0	0	0	0	0	0	0	0	0	0	0	0	0	0	0	0	0
ENSDARG00000081476	dre-mir-126a	0	0	0	0	0	0	0	0	0	0	0	0	0	0	0	0	0	0	0
ENSDARG00000081477	dre-mir-23a-2	0	0	0	0	0	0	0	0	0	0	0	0	0	0	0	0	0	0	0
ENSDARG00000081487	RF00001	0	0	0	0	0	0	0	0	0	0	0	0	0.969139200067135	0	0	0	0	0	0
ENSDARG00000081488	dre-mir-301c	0.441674114791274	0	1.25667600957831	0	0	0	0	0	0	1.84521861825729	0.918606143459217	0	0	0	0	1.10225281354538	0	0.935132034617592	0
ENSDARG00000081497	RF00001	0	0	0	0	0	0	0	0	0	0	0	0	0	0	0	0	0	0	1.12347877983512
ENSDARG00000081499	dre-mir-375-1	4.85841526270402	0	0	0.66503574939717	0	0	0	0	0	0	0.918606143459217	0	0.969139200067135	2.9102094897456	0	0	2.9102094897456	0	1.12347877983512
ENSDARG00000081501	dre-mir-100-1	0	0	0	0	0	0	0	0	0	0	0	0.873799880419591	0	0	0	0	0	0	0
ENSDARG00000081507	RF00001	0	0	0	0	0	0	0	0	0	0	0	0	0	0	0	0	0	0	0
ENSDARG00000081512	dre-mir-204-2	0	0	0	0	0	0	0	0	0	0	0	0	0.969139200067135	0	0	1.10225281354538	0	0	0
ENSDARG00000081514	dre-mir-23b	0	0	0	0	0	0	0	0	0	0	0	0	0	0	0	0	0	0	0
ENSDARG00000081518	RF00001	0	0	0	0	0	0	0	0	0	0	0	0	0	0.9700698299152	0	0	0.9700698299152	0	0
ENSDARG00000081529	dre-mir-30d	0	0	0	0	0	0	0	0	0	0	0	0	0	0	0	0	0	0	0
ENSDARG00000081534	dre-mir-181b-2	0	0	0	0	0	0	0	0	0	0	0	1.74759976083918	0.969139200067135	0	0	3.30675844063613	0	1.87026406923518	0
ENSDARG00000081540	RF00001	0	0	0	0	0	0	0	0	0	0	0	0	0	0	0	0	0	0	0
ENSDARG00000081568	RF00133	0	0	0	0	0	0	0	0	0	0	0	0	0	0	0	0	0	0	0
ENSDARG00000081574	RF00003	0	0	0	0	0	0	0	0	0	0.922609309128644	0	0	0	0	0	0	0	0.935132034617592	0
ENSDARG00000081580	RF00608	0	0	0	0	0	0	0	0	0	0	0	0	0	0	0	0	0	0	0
ENSDARG00000081583	dre-mir-103	0	0	0	0	0	0	0	0	0	0	0	0	0	0	0	0	0	0	0
ENSDARG00000081586	RF00001	0	0	0	0	0	0.815533520618349	0	0	1.31021480588065	0	0	0	0	0	0	1.10225281354538	0	0	1.12347877983512
ENSDARG00000081589	dre-mir-144	0	0	0	0	0	0	0	0	0	0	0	0	0	0	0	0	0	0	0
ENSDARG00000081593	mir150	0	0	0	0	0	0	0	0	0	0	0	0	0	0	0	0	0	0	0
ENSDARG00000081597	dre-mir-734	0	0	0	0	0	0	0	0	0	0	0	0	0	0	0	0	0	0	0
ENSDARG00000081608	dre-mir-216a	0	0	0	0	0	0	0	0	0	0	0	0	0	0	1.12967720258518	0	0	0	0
ENSDARG00000081613	RF00001	0	0	0	0	0	0	0	0	0	1.84521861825729	0	0.873799880419591	0	0	0	0	0	0	0
ENSDARG00000081621	RF00577	0	0	0	0	0	0	0	0	0	0	0	0	0	0	0	0	0	0	0
ENSDARG00000081623	RF00377	0.883348229582548	0	0	0	0.609140470712645	4.07766760309174	3.64431986044377	4.05868447625867	3.93064441764196	2.76782792738593	0.918606143459217	0	0	0	1.12967720258518	0	0	0	0
ENSDARG00000081629	dre-mir-7a-3	2.20837057395637	0	0	0.66503574939717	0.609140470712645	0.815533520618349	1.21477328681459	0	0	0.922609309128644	0	0.873799880419591	0.969139200067135	0	1.12967720258518	0	0	0	0
ENSDARG00000081636	dre-mir-190a	0	0	0	0	0	0	0	0	0	0	0	0	0	0	0	0	0	0	0
ENSDARG00000081638	dre-mir-10c	0	0	0	0	0	0	0	0	0	0.922609309128644	7.34884914767374	3.49519952167836	4.84569600033567	2.9102094897456	3.38903160775553	1.10225281354538	2.9102094897456	1.87026406923518	1.12347877983512
ENSDARG00000081644	RF00001	0	1.97773115255094	0	0.66503574939717	0	0	0	0	0	2.76782792738593	2.75581843037765	1.74759976083918	0.969139200067135	0.9700698299152	1.12967720258518	0	0.9700698299152	1.87026406923518	3.37043633950536
ENSDARG00000081646	dre-mir-205	0.441674114791274	0	0	0	0	0	0	0	0	8.30348378215779	6.43024300421452	1.74759976083918	2.9074176002014	4.850349149576	9.03741762068142	2.20450562709075	4.850349149576	2.80539610385277	0
ENSDARG00000081648	RF00410	0	0	0	0	0	0	2.42954657362918	4.05868447625867	6.55107402940326	2.76782792738593	3.67442457383687	0.873799880419591	1.93827840013427	0	0	1.10225281354538	0	0	0
ENSDARG00000081654	RF00186	2.20837057395637	1.97773115255094	1.25667600957831	0	0	13.8640698505119	37.6579718912523	25.7050016829716	28.8247257293743	20.2974048008302	26.6395781603173	13.9807980867135	15.5062272010742	1.9401396598304	4.51870881034071	8.81802250836301	1.9401396598304	0	3.37043633950536
ENSDARG00000081661	mir206-2	0	0	0	0	0	0	0	0	1.31021480588065	0	0	0	0.969139200067135	0.9700698299152	0	0	0.9700698299152	0	0
ENSDARG00000081687	dre-mir-133a-2	0	0	0	0	0	0	0	0	0	0	0	0	0	0	0	0	0	0	0
ENSDARG00000081702	RF00092	0.883348229582548	0	0	0	0	2.44660056185505	17.0068260154043	9.4702637779369	6.55107402940326	11.9939210186724	10.1046675780514	2.62139964125877	4.84569600033567	0	3.38903160775553	2.20450562709075	0	2.80539610385277	0
ENSDARG00000081704	dre-mir-107b	0	0	0	0	0	0	0	0	0	0	0	0	0	0	0	0	0	0	0
ENSDARG00000081715	RF00001	0	0	0	0	0	0	0	0	0	0	0	0	0	0.9700698299152	0	0	0.9700698299152	0	0
ENSDARG00000081734	RF00001	0	0	0	0	0	0.815533520618349	0	0	0	0	2.75581843037765	1.74759976083918	1.93827840013427	0	2.25935440517035	0	0	0	0
ENSDARG00000081745	dre-mir-218a-1	0	0	0	0	0	0	0	0	1.31021480588065	0	0	0	0	0	0	0	0	0	0
ENSDARG00000081749	RF00001	0	0	0	0	0	0	0	0	0	0	0.918606143459217	0	0	0	0	0	0	0	0
ENSDARG00000081758	NC_002333.12	0	0	0	0	0	0	0	0	0	0	0	0	0	0	0	0	0	0	0
ENSDARG00000081763	dre-mir-184-1	0	0	0	0	0	0	0	0	0	0	0.918606143459217	0	0	0	2.25935440517035	0	0	0	1.12347877983512
ENSDARG00000081769	mir24-4	0	0	0	0	0	0	0	0	0	0	0	0	0	0	0	0	0	0	0
ENSDARG00000081779	dre-mir-203a	0	0	0	0	0.609140470712645	4.07766760309174	8.50341300770213	24.352106857552	7.86128883528391	11.9939210186724	12.860486008429	7.86419892377632	8.72225280060422	2.9102094897456	5.64838601292589	0	2.9102094897456	3.74052813847037	1.12347877983512
ENSDARG00000081781	dre-mir-155	0	0	0	0	0	0	0	0	0	0	0	0	0	0	0	0	0	0	0
ENSDARG00000081785	dre-let-7a-2	0	0	0	0	0	0	0	0	0	0	0	0	0	0	0	0	0	0	0
ENSDARG00000081799	RF00288	18.5503128212335	0	8.79673206704818	5.98532174457453	8.52796658997703	11.4174692886569	4.85909314725836	8.11736895251735	3.93064441764196	0	0.918606143459217	0	0.969139200067135	0	0	0	0	0	0
ENSDARG00000081800	CU929237.1	0	0	0	0	0	0	0	0	0	0	0.918606143459217	1.74759976083918	3.87655680026854	25.2218155777952	13.5561264310221	23.1473090844529	25.2218155777952	18.7026406923518	26.9634907160429
ENSDARG00000081802	RF00581	4.41674114791274	0	0	0	0	1.6310670412367	8.50341300770213	2.70578965083912	5.24085922352261	2.76782792738593	9.18606143459217	0.873799880419591	0.969139200067135	0.9700698299152	1.12967720258518	3.30675844063613	0.9700698299152	0	1.12347877983512
ENSDARG00000081807	dre-let-7b	1.7666964591651	0	0	0	0	0	0	0	0	0	0	0	0	4.850349149576	0	5.51126406772688	4.850349149576	1.87026406923518	2.24695755967024
ENSDARG00000081815	dre-let-7h	0	0	0	0	0	0	0	0	0	0	0	0	0	0	0	0	0	0	0
ENSDARG00000081824	RF00001	0	0	0	0	0	0	0	0	0	0	0	0	0	0	0	0	0	0.935132034617592	1.12347877983512
ENSDARG00000081837	dre-mir-15a-2	0	0	0	0	0	0	0	0	0	0	0	0	0	0	0	0	0	0	0
ENSDARG00000081839	RF00001	0	0	0	0	0	0	0	0	0	0	0	0	0	0	0	0	0	0	0
ENSDARG00000081841	mir29a-1	0	0	0	0	0	0	0	0	0	0	0	0	0	0.9700698299152	0	0	0.9700698299152	0	0
ENSDARG00000081843	RF00001	0	0	0	0	0	0.815533520618349	0	0	0	0	0	0	0	0	0	0	0	0	0
ENSDARG00000081849	RF00151	4.41674114791274	0	0	1.33007149879434	1.82742141213794	6.52426816494679	6.07386643407295	1.35289482541956	2.6204296117613	0.922609309128644	4.59303071729609	0.873799880419591	0	0	0	0	0	0	0
ENSDARG00000081850	RF00425	0	0	0	0	0	0	0	0	0	0	0	0	0	0	0	0	0	0	0
ENSDARG00000081859	RF00001	0	0	0	0	0	0	0	0	0	0.922609309128644	0	0	0	0	0	0	0	1.87026406923518	0
ENSDARG00000081868	dre-mir-200b	0	0	0	0	0	0	0	0	0	0.922609309128644	0	0	0	0	0	0	0	0	0
ENSDARG00000081869	dre-mir-199-3	0.441674114791274	0	0	0	0	0.815533520618349	4.85909314725836	6.76447412709779	1.31021480588065	2.76782792738593	8.26745529113295	7.86419892377632	7.75311360053708	21.3415362581344	12.4264492284369	18.7382978302714	21.3415362581344	13.0918484846463	23.5930543765375
ENSDARG00000081875	RF00609	0.441674114791274	0	0	0	0	0	0	0	0	0	0	0	0.969139200067135	0	0	0	0	0	0
ENSDARG00000081880	RF00001	0	0	0	0	0	0	0	0	5.24085922352261	0	0	0	0.969139200067135	0	0	0	0	0	0
ENSDARG00000081883	MIR19B2 (1 of many)	2.65004468874765	0	0	0	0	4.07766760309174	0	0	0	0	0	0	0	0	0	0	0	0	0
ENSDARG00000081891	dre-mir-338-3	0	0	1.25667600957831	0	0	0	0	0	0	0	0	0	0	0	0	0	0	0	0
ENSDARG00000081895	RF00411	0	0	0	0	0	0	1.21477328681459	0	2.6204296117613	0	1.83721228691843	4.36899940209795	1.93827840013427	0	2.25935440517035	0	0	0.935132034617592	0
ENSDARG00000081902	dre-mir-128-1	0	0	0	0	0	0	0	0	0	0	0	0	0	0	1.12967720258518	2.20450562709075	0	0.935132034617592	0
ENSDARG00000081904	dre-mir-1306	0	0	0	0	0	0	0	0	0	0	0	0	0	0	0	0	0	0	0
ENSDARG00000081915	MIR23B	0.441674114791274	0	0	0	0	0	0	0	0	0.922609309128644	2.75581843037765	0.873799880419591	1.93827840013427	0.9700698299152	0	0	0.9700698299152	0	0
ENSDARG00000081926	RF00133	2.65004468874765	0	0	0	0	4.07766760309174	9.71818629451672	12.176053428776	5.24085922352261	12.916530327801	9.18606143459217	5.24279928251755	4.84569600033567	2.9102094897456	1.12967720258518	1.10225281354538	2.9102094897456	0.935132034617592	0
ENSDARG00000081931	RF00190	0	0	0	0	0	0	0	0	0	0	0	0	0	0	0	0	0	0	0
ENSDARG00000081937	RF00421	2.65004468874765	0	0	0.66503574939717	0	10.6019357680385	43.7318383253252	37.8810551117476	27.5145109234937	51.6661213112041	37.6628518818279	41.9423942601404	32.9507328022826	5.8204189794912	9.03741762068142	7.71576969481763	5.8204189794912	2.80539610385277	4.49391511934048
ENSDARG00000081938	NC_002333.13	0	0	0	0	0	0	0	0	0	0	0	0	0	0	0	0	0	0	0
ENSDARG00000081943	RF00091	3.53339291833019	0	0	0	0	4.89320112371009	2.42954657362918	4.05868447625867	5.24085922352261	0.922609309128644	3.67442457383687	2.62139964125877	0.969139200067135	0.9700698299152	2.25935440517035	1.10225281354538	0.9700698299152	0	0
ENSDARG00000081946	RF00581	0	0	0	0	0	0	0	0	0	0	0	0	0	0	0	0	0	0	0
ENSDARG00000081955	RF00001	0	0	0	0	0	0	0	0	0	0	0	0	0	0	0	0	0	0	0
ENSDARG00000081961	RF00613	0	0	0	0	0	0	0	0	0	0	0	0	0	0	0	0	0	0	0
ENSDARG00000081967	RF00001	0	0	0	0	0	0	0	0	0	0	0	0	0	0	0	0	0	0	0
ENSDARG00000081971	RF00001	0	0	1.25667600957831	0	0	0	0	0	0	0	0	0	0.969139200067135	0	0	0	0	0	0
ENSDARG00000081972	RF00288	0.441674114791274	0	0	0.66503574939717	0.609140470712645	3.2621340824734	4.85909314725836	0	5.24085922352261	0.922609309128644	1.83721228691843	1.74759976083918	0.969139200067135	0	0	0	0	1.87026406923518	0
ENSDARG00000081975	dre-let-7e	0	0	0	0	0.609140470712645	0	0	0	0	0	0	0	0	0	0	0	0	0	0
ENSDARG00000081976	RF00001	0	0	0	0	0.609140470712645	0	0	0	0	0	0	0	0.969139200067135	0	1.12967720258518	1.10225281354538	0	0	0
ENSDARG00000081977	dre-mir-729	0	0	0	0	0	0	0	0	0	0	0	0	0	4.850349149576	0	0	4.850349149576	9.35132034617592	2.24695755967024
ENSDARG00000081987	dre-mir-457a	0	0	0	0	0	0	0	1.35289482541956	0	0	0	0	0	0	1.12967720258518	0	0	0.935132034617592	0
ENSDARG00000081993	RF00001	0	0	0	0	0	0	0	0	0	0.922609309128644	0	1.74759976083918	0	0	0	1.10225281354538	0	0	0
ENSDARG00000081996	RF00001	0	0	0	0	0	0	0	0	0	0.922609309128644	0	0	0	0	0	0	0	0	0
ENSDARG00000081997	RF00001	0	0	0	0	0	0.815533520618349	0	0	0	0	0	0	0	0	0	0	0	0	0
ENSDARG00000082003	RF00001	0	0	0	0	0	0	0	0	0	0	0	0	0	0	0	0	0	0	0
ENSDARG00000082005	RF00026	0	0	1.25667600957831	0	0	0.815533520618349	0	0	0	0	0.918606143459217	0	0	0	0	0	0	0	0
ENSDARG00000082008	RF00016	0.441674114791274	0	0	0	0	0.815533520618349	7.28863972088754	5.41157930167823	1.31021480588065	1.84521861825729	2.75581843037765	0	0	0	0	0	0	0	1.12347877983512
ENSDARG00000082019	dre-mir-9-1	0	0	0	0	0	0	0	0	0	0	0	0	0	0	0	0	0	0	0
ENSDARG00000082020	RF00265	0	0	0	0	0	0	0	0	0	0	0	0	0	0	0	0	0	0	0
ENSDARG00000082031	RF00001	0	0	0	0	0	0	0	0	0	1.84521861825729	0	0.873799880419591	0.969139200067135	0	1.12967720258518	0	0	0.935132034617592	0
ENSDARG00000082074	RF00001	0	0	0	0	0	0	0	0	0	0	0	0	0	0	0	0	0	0	0
ENSDARG00000082078	RF00001	0	0	0	0	0	0	0	0	0	0	0	0	0	0	0	3.30675844063613	0	0.935132034617592	2.24695755967024
ENSDARG00000082084	NC_002333.14	0	0	0	0	0	0	0	0	0	0	0	0	0	0	0	0	0	0	0
ENSDARG00000082087	RF00089	23.4087280839375	5.93319345765283	3.77002802873493	1.33007149879434	0.609140470712645	16.310670412367	34.0136520308085	27.0578965083912	37.9962293705389	29.5234978921166	19.2907290126436	15.7283978475526	18.4136448012756	2.9102094897456	14.6858036336073	12.1247809489991	2.9102094897456	2.80539610385277	4.49391511934048
ENSDARG00000082100	RF00001	0	0	0	0	0	0	1.21477328681459	0	1.31021480588065	0	0	0	0	0	0	0	0	0	0
ENSDARG00000082109	RF00001	0	0	0	0	0	0	0	0	0	0	0	0	0	0	0	0	0	0	0
ENSDARG00000082113	RF00001	0	0	0	0	0	0	0	0	0	0	0	0	0	0	0	0	0	0	0
ENSDARG00000082123	NC_002333.15	0	0	0	0	0	0	0	0	0	0	0	0	0	0	0	0	0	0	0
ENSDARG00000082126	RF00001	0	0	0	0	0	0	0	0	0	0	0	0	0.969139200067135	0.9700698299152	0	0	0.9700698299152	0	0
ENSDARG00000082127	RF00066	0	0	0	0	0	0	0	0	0	0.922609309128644	0	0.873799880419591	0	0	0	0	0	0	0
ENSDARG00000082131	dre-mir-101a	0	0	0	0	0	0	0	0	0	0	0	0.873799880419591	0	0	0	0	0	0	0
ENSDARG00000082154	dre-mir-92a-2	0.441674114791274	0	0	0	0	3.2621340824734	0	1.35289482541956	0	0	2.75581843037765	0.873799880419591	0	0	1.12967720258518	0	0	0.935132034617592	1.12347877983512
ENSDARG00000082164	RF00001	0	0	0	0	0	0	0	0	0	0	0	0	0	0	1.12967720258518	0	0	0	0
ENSDARG00000082165	RF00001	0	0	0	0	0	0	0	0	0	0	0	0.873799880419591	0	0	0	1.10225281354538	0	0.935132034617592	0
ENSDARG00000082166	RF00001	0	0	0	0	0	0	0	0	0	0	0	0.873799880419591	0	0	0	0	0	0	0
ENSDARG00000082167	dre-mir-142a	0.441674114791274	0	0	0	0	0	0	0	0	0	1.83721228691843	0.873799880419591	0	0.9700698299152	0	2.20450562709075	0.9700698299152	0.935132034617592	2.24695755967024
ENSDARG00000082168	MIR22 (1 of many)	0.441674114791274	0	0	0	0	0	0	0	0	0	0.918606143459217	0	0	0	0	0	0	0	0
ENSDARG00000082169	dre-mir-301b	0.441674114791274	0	0	0	0	0.815533520618349	0	0	0	0.922609309128644	0	1.74759976083918	0.969139200067135	0	1.12967720258518	0	0	1.87026406923518	1.12347877983512
ENSDARG00000082173	dre-let-7a-6	1.32502234437382	0	0	0	0	0	0	0	0	0.922609309128644	0	0	0	1.9401396598304	0	2.20450562709075	1.9401396598304	1.87026406923518	3.37043633950536
ENSDARG00000082177	dre-mir-20b	0	0	0	0	0	0	1.21477328681459	0	0	0	1.83721228691843	0.873799880419591	0	0	1.12967720258518	0	0	0	0
ENSDARG00000082187	dre-mir-21-1	2.65004468874765	0	0	0	0	0	2.42954657362918	6.76447412709779	10.4817184470452	3.69043723651457	4.59303071729609	11.3593984454547	8.72225280060422	15.5211172786432	4.51870881034071	14.3292865760899	15.5211172786432	14.9621125538815	33.7043633950536
ENSDARG00000082192	dre-mir-181c	0	0	0	0	0	0.815533520618349	0	0	0	0	0	1.74759976083918	0.969139200067135	0	4.51870881034071	7.71576969481763	0	0	0
ENSDARG00000082197	dre-mir-99-1	0	0	0	0	0	0	0	0	0	0	0	0	0	0	0	1.10225281354538	0	0	2.24695755967024
ENSDARG00000082213	RF00211	0	0	0	0	0	1.6310670412367	3.64431986044377	0	1.31021480588065	0	0.918606143459217	0	1.93827840013427	0	2.25935440517035	0	0	0	0
ENSDARG00000082215	RF00001	0	0	0	0	0	0	0	0	0	0	0	0	0	0	0	0	0	0	0
ENSDARG00000082216	RF00001	0	0	0	0	0	0	0	0	0	0	0.918606143459217	0.873799880419591	0	0	0	0	0	0	0
ENSDARG00000082222	dre-mir-137-1	0	0	0	0	0	0	1.21477328681459	0	0	0	1.83721228691843	2.62139964125877	1.93827840013427	1.9401396598304	4.51870881034071	9.92027532190839	1.9401396598304	2.80539610385277	3.37043633950536
ENSDARG00000082242	RF00045	3.97506703312147	0	0	0.66503574939717	0	26.0970726597872	112.973915673757	135.289482541956	132.331695393946	71.9635261120342	79.9187344809519	43.6899940209795	37.7964288026183	12.6109077888976	23.7232212542887	13.2270337625445	12.6109077888976	11.2215844154111	10.1113090185161
ENSDARG00000082245	RF00001	0	0	0	0	0	0	0	0	0	0	0	0	0	0	0	0	0	1.87026406923518	0
ENSDARG00000082246	dre-mir-1388	0	0	0	0	0	0	0	0	0	0	0	0	0	0	0	0	0	0	1.12347877983512
ENSDARG00000082252	RF00001	0	0	0	0	0	0	0	0	0	0	0	0	0	0	0	0	0	0	0
ENSDARG00000082253	RF00003	0	0	0	0	0	0	0	0	0	0	0	0	0	0	0	0	0	0	0
ENSDARG00000082257	dre-mir-219-1	0	0	1.25667600957831	0.66503574939717	0	0	0	0	0	11.0713117095437	37.6628518818279	34.078195336364	27.1358976018798	3.8802793196608	40.6683792930664	7.71576969481763	3.8802793196608	4.67566017308796	6.74087267901071
ENSDARG00000082262	dre-mir-454a	0	0	0	0	0	0	0	1.35289482541956	2.6204296117613	1.84521861825729	0.918606143459217	2.62139964125877	5.81483520040281	2.9102094897456	1.12967720258518	1.10225281354538	2.9102094897456	0.935132034617592	3.37043633950536
ENSDARG00000082273	RF00003	0	0	0	0	0	0	0	0	0	0	0	0	0	0	0	0	0	0	0
ENSDARG00000082287	dre-let-7a-3	0.883348229582548	0	0	0	0	0	0	0	0	0.922609309128644	0	0	0	0.9700698299152	0	0	0.9700698299152	0.935132034617592	0
ENSDARG00000082290	RF01229	0	0	0	0	0	2.44660056185505	0	2.70578965083912	2.6204296117613	1.84521861825729	0	0.873799880419591	0	0	0	0	0	0	0
ENSDARG00000082308	RF00001	0	0	0	0	0	0	0	0	0	0.922609309128644	0	0	0	0	0	0	0	1.87026406923518	0
ENSDARG00000082311	RF00001	0	0	0	0	0	0	0	0	0	0.922609309128644	0	0	0	0.9700698299152	0	0	0.9700698299152	0	0
ENSDARG00000082315	dre-mir-10a	0	0	0	0	0	0	0	0	0	1.84521861825729	0	0.873799880419591	1.93827840013427	0	2.25935440517035	0	0	0	0
ENSDARG00000082317	RF00001	0	0	0	0	0	0	0	0	1.31021480588065	0	0	0	0	0	0	0	0	0	0
ENSDARG00000082321	RF00004	2.65004468874765	0	0	0	0	10.6019357680385	48.5909314725836	40.5868447625867	22.2736516999711	13.8391396369297	27.5581843037765	34.078195336364	18.4136448012756	1.9401396598304	9.03741762068142	2.20450562709075	1.9401396598304	6.54592424232314	14.6052241378565
ENSDARG00000082329	RF00001	0	0	0	0	0	0	0	0	0	0	0	0	0	0	0	0	0	0	0
ENSDARG00000082368	dre-mir-34b	0	0	0	0	0	0	0	0	0	0	0	0	0	0	0	0	0	0	0
ENSDARG00000082377	dre-mir-462	0	0	0	0	0	0	0	0	0	0	0	0	0	0	0	0	0	0	0
ENSDARG00000082380	RF00026	0	0	0	0	0	0	0	0	0	1.84521861825729	0	0	0	0	0	0	0	0	0
ENSDARG00000082382	RF00001	0	0	0	0	0	0	0	0	0	0	0	0	0.969139200067135	0	0	0	0	0	0
ENSDARG00000082384	RF00066	0	0	0	0	0	0	0	0	0	0	0	1.74759976083918	0.969139200067135	0	0	0	0	1.87026406923518	0
ENSDARG00000082391	RF00001	0	0	0	0	0	0	0	0	0	0.922609309128644	0	0	0	0	0	0	0	0	0
ENSDARG00000082394	dre-mir-130c-1	0.441674114791274	1.97773115255094	0	0	0	0.815533520618349	0	0	0	2.76782792738593	0.918606143459217	0.873799880419591	0.969139200067135	0	1.12967720258518	1.10225281354538	0	0.935132034617592	0
ENSDARG00000082395	RF00001	0	0	0	0	0	0.815533520618349	0	0	0	0	0	0	0	0	0	0	0	0.935132034617592	1.12347877983512
ENSDARG00000082396	dre-mir-206-1	0	0	0	0	0	0	0	0	1.31021480588065	3.69043723651457	19.2907290126436	22.7187968909094	12.5988096008728	2.9102094897456	12.4264492284369	9.92027532190839	2.9102094897456	0	0
ENSDARG00000082399	CR354430.1	0.883348229582548	0	0	0	0	0	0	0	0	0.922609309128644	0	0	0	2.9102094897456	2.25935440517035	6.61351688127226	2.9102094897456	3.74052813847037	5.6173938991756
ENSDARG00000082408	RF00001	0	0	0	0	0	0	0	0	0	0	0	0.873799880419591	0	2.9102094897456	0	1.10225281354538	2.9102094897456	0.935132034617592	1.12347877983512
ENSDARG00000082417	RF00001	0	0	0	0	0	0	0	0	0	0	0	0	0	1.9401396598304	0	1.10225281354538	1.9401396598304	0	0
ENSDARG00000082419	RF00409	0	0	0	0	0	4.07766760309174	13.3625061549605	10.8231586033565	6.55107402940326	5.53565585477186	6.43024300421452	5.24279928251755	0.969139200067135	2.9102094897456	5.64838601292589	2.20450562709075	2.9102094897456	1.87026406923518	7.86435145884583
ENSDARG00000082428	dre-mir-19c	0	0	0	0	0	0.815533520618349	2.42954657362918	2.70578965083912	0	3.69043723651457	18.3721228691843	10.4855985650351	19.3827840013427	3.8802793196608	9.03741762068142	3.30675844063613	3.8802793196608	4.67566017308796	0
ENSDARG00000082429	dre-mir-740	0	0	0	0	0	0	0	0	0	0	0	0	0.969139200067135	0	0	0	0	0	0
ENSDARG00000082439	RF00001	0	0	0	0	0	0	0	0	0	0	0.918606143459217	0	0	0	0	1.10225281354538	0	0	1.12347877983512
ENSDARG00000082440	RF00089	0	0	0	0	0	0	0	1.35289482541956	0	0	0	0	0	0	0	0	0	0	0
ENSDARG00000082451	mir199-3a	0	0	0	0	0	0	0	0	0	0	0.918606143459217	0	0	0.9700698299152	0	0	0.9700698299152	0	1.12347877983512
ENSDARG00000082454	dre-mir-27a	0	0	0	0	0	0	0	0	0	2.76782792738593	5.5116368607553	1.74759976083918	0.969139200067135	0	0	2.20450562709075	0	0.935132034617592	1.12347877983512
ENSDARG00000082458	dre-mir-129-4	0	0	0	0	0	0	0	0	0	0	0	0	0	0	1.12967720258518	0	0	0.935132034617592	1.12347877983512
ENSDARG00000082462	dre-mir-27d	0	0	0	0	0	0	0	0	0	0	0	0	0	0	0	0	0	0	0
ENSDARG00000082467	dre-mir-142b	0	0	0	0	0	0	0	0	0	0	0	0	0	0	0	0	0	0	0
ENSDARG00000082473	RF00026	0	0	0	0	0	0	1.21477328681459	0	0	0	0	0	0	0.9700698299152	0	0	0.9700698299152	0	0
ENSDARG00000082480	RF00001	0	0	0	0	0	0	0	0	0	0	0	0.873799880419591	0	0	0	0	0	0.935132034617592	0
ENSDARG00000082491	RF00001	0	0	0	0	0	0	0	1.35289482541956	0	0	0.918606143459217	0	0	0	0	0	0	0	0
ENSDARG00000082493	RF00191	3.09171880353892	0	0	0	0	0.815533520618349	1.21477328681459	0	0	0	0	0	0	0	0	0	0	0	0
ENSDARG00000082495	dre-mir-726	0	0	0	0	0	0	0	0	0	0	0	0	0	0	0	0	0	0	0
ENSDARG00000082506	RF00001	0	0	0	0	0	0.815533520618349	0	1.35289482541956	0	1.84521861825729	8.26745529113295	1.74759976083918	4.84569600033567	13.5809776188128	3.38903160775553	5.51126406772688	13.5809776188128	5.61079220770555	2.24695755967024
ENSDARG00000082511	RF00093	0.883348229582548	0	0	0	0	0	12.1477328681459	4.05868447625867	7.86128883528391	5.53565585477186	3.67442457383687	5.24279928251755	12.5988096008728	2.9102094897456	4.51870881034071	7.71576969481763	2.9102094897456	6.54592424232314	0
ENSDARG00000082513	dre-mir-143	0	0	0	0	0	0	0	0	0	0	0	0	0	0	0	0	0	0	0
ENSDARG00000082530	RF00001	0	0	0	0	0	0	0	1.35289482541956	0	0	0	0	0	0	0	0	0	0	0
ENSDARG00000082534	RF00001	0	0	0	0	0	0	0	0	2.6204296117613	0	0	0.873799880419591	0	0	0	1.10225281354538	0	1.87026406923518	0
ENSDARG00000082556	RF00001	0.441674114791274	0	0	0	0	0.815533520618349	0	1.35289482541956	0	0	0	0	0	0	0	0	0	0	0
ENSDARG00000082567	RF00001	0	0	0	0	0	0	0	0	0	0	0	0	0	0	0	0	0	0	0
ENSDARG00000082581	RF00001	0	0	0	0	0	0	0	0	0	0	0.918606143459217	0	0	0	0	0	0	0	0
ENSDARG00000082587	RF00001	0	0	0	0	0	0	0	0	0	0	0	0	0	3.8802793196608	0	0	3.8802793196608	7.48105627694073	7.86435145884583
ENSDARG00000082598	dre-mir-135b	0	0	0	0	0	0	0	0	0	6.45826516390051	8.26745529113295	9.6117986846155	5.81483520040281	5.8204189794912	4.51870881034071	6.61351688127226	5.8204189794912	1.87026406923518	2.24695755967024
ENSDARG00000082599	dre-mir-460	0	0	0	0	0	0	0	0	0	0	0	0	0	0	0	0	0	0	0
ENSDARG00000082600	RF00001	0	0	0	0	0	0	0	0	0	0	0	0	0	0	0	0	0	0	0
ENSDARG00000082607	RF00068	2.20837057395637	0	0	0	0	0	2.42954657362918	5.41157930167823	1.31021480588065	2.76782792738593	0	0	0	0	0	0	0	0	0
ENSDARG00000082611	RF00319	3.09171880353892	0	0	0	0	0	0	0	0	2.76782792738593	0.918606143459217	3.49519952167836	2.9074176002014	0	0	0	0	0	2.24695755967024
ENSDARG00000082615	RF00001	0	0	0	0	0	0	2.42954657362918	0	1.31021480588065	0	0.918606143459217	0.873799880419591	0	0	0	0	0	0	0
ENSDARG00000082618	RF00001	0.441674114791274	0	0	0	0	0	0	0	0	0	0	0	0	0.9700698299152	0	0	0.9700698299152	0	0
ENSDARG00000082619	dre-mir-34c	0	0	0	0	0	0	0	0	0	0	0	0	0	0	0	0	0	0	0
ENSDARG00000082628	RF00003	5.74176349228657	11.8663869153057	2.51335201915662	1.99510724819151	6.7005451778391	0.815533520618349	7.28863972088754	2.70578965083912	0	0	0	0.873799880419591	0	0	1.12967720258518	0	0	0	0
ENSDARG00000082639	RF01299	2.65004468874765	1.97773115255094	0	0	0	0	3.64431986044377	1.35289482541956	2.6204296117613	7.38087447302915	5.5116368607553	2.62139964125877	0	0.9700698299152	1.12967720258518	2.20450562709075	0.9700698299152	0	1.12347877983512
ENSDARG00000082646	RF00003	0	0	0	0	0	0	0	0	0	0	0	0	0	0	0	0	0	0	0
ENSDARG00000082652	RF00270	0	0	0	0	0	4.07766760309174	1.21477328681459	1.35289482541956	6.55107402940326	2.76782792738593	0	0.873799880419591	0	0	0	0	0	0	0
ENSDARG00000082654	RF00001	0.441674114791274	0	0	0	0	0	0	0	0	0	0	0	0	0	0	0	0	0	0
ENSDARG00000082660	RF00001	0	0	0	0	0	0	0	0	0	0	0	0	0	0	1.12967720258518	0	0	0	0
ENSDARG00000082665	RF00001	0	0	0	0	0	0	0	0	0	0	0	0	0	0	0	0	0	0	0
ENSDARG00000082675	RF00001	0	0	0	0	0	1.6310670412367	0	1.35289482541956	2.6204296117613	0.922609309128644	0	3.49519952167836	0.969139200067135	0	2.25935440517035	1.10225281354538	0	4.67566017308796	2.24695755967024
ENSDARG00000082677	dre-mir-187	0	0	0	0	0	0	0	0	0	0	0	0	0	0	0	0	0	0	0
ENSDARG00000082716	NC_002333.16	0	0	0	0	0	0	0	0	0	0	0	0	0	0	0	0	0	0	0
ENSDARG00000082727	RF00001	0	0	0	0	0	0	0	0	0	0	0	0	1.93827840013427	1.9401396598304	0	0	1.9401396598304	0	1.12347877983512
ENSDARG00000082734	RF00004	0	0	0	0	0	0	0	0	0	0	0	0	0	0	0	0	0	0	0
ENSDARG00000082738	dre-let-7i	0.441674114791274	0	0	0	0	0.815533520618349	4.85909314725836	1.35289482541956	3.93064441764196	3.69043723651457	4.59303071729609	2.62139964125877	3.87655680026854	0.9700698299152	1.12967720258518	2.20450562709075	0.9700698299152	0.935132034617592	1.12347877983512
ENSDARG00000082739	RF00049	0	0	0	0	0	0	0	0	0	0	0	0	0	0	0	0	0	0	0
ENSDARG00000082746	RF00001	0.441674114791274	0	0	0	0	0	0	0	0	0	0	0	0	0	0	0	0	0	0
ENSDARG00000082753	NC_002333.17	0	0	0	0	0	0	0	0	0	0	0	0	0	0	0	0	0	0	0
ENSDARG00000082755	dre-let-7a-4	0	0	0	0	0	0	0	0	0	0	0	0	0	0.9700698299152	0	0	0.9700698299152	0.935132034617592	0
ENSDARG00000082766	dre-mir-9-6	0	0	0	0	0	0	0	0	0	0	0	0	0	0	0	0	0	0	0
ENSDARG00000082771	RF00001	0	0	0	0	0	0	0	0	0	1.84521861825729	0	0.873799880419591	0	0	1.12967720258518	1.10225281354538	0	0	0
ENSDARG00000082778	dre-mir-18c	0	0	0	0	0	0	0	0	0	1.84521861825729	0	0	1.93827840013427	0.9700698299152	1.12967720258518	1.10225281354538	0.9700698299152	0.935132034617592	0
ENSDARG00000082787	RF00001	0	0	0	0	0	0	0	0	0	0	0	0	0	0	0	0	0	0	0
ENSDARG00000082789	NC_002333.18	0	0	0	0	0	0	0	0	0	0	0	0	0	0	0	0	0	0	0
ENSDARG00000082790	RF00003	0.441674114791274	0	1.25667600957831	0.66503574939717	0	0.815533520618349	2.42954657362918	0	0	0	0	0	0	0	0	0	0	0	0
ENSDARG00000082809	dre-mir-458	0	0	0	0	0	0	0	0	0	0	0	0	0	0	0	0	0	0	0
ENSDARG00000082811	RF00151	0	0	0	0	0	0.815533520618349	1.21477328681459	1.35289482541956	0	1.84521861825729	0	0	1.93827840013427	0	1.12967720258518	0	0	0	0
ENSDARG00000082818	RF00001	0	0	0	0	0	0	0	0	0	0	0	0	0	0	0	0	0	0	0
ENSDARG00000082823	RF00001	0	0	0	0	0	0	0	1.35289482541956	0	0	0	0	0	0	0	0	0	0.935132034617592	0
ENSDARG00000082824	dre-mir-129-1	0	0	0	0	0	0	0	0	0	0	0	0	0	0.9700698299152	0	0	0.9700698299152	0	1.12347877983512
ENSDARG00000082825	dre-let-7d-1	0.883348229582548	0	0	0	0	0	0	0	0	0	0	0	0	1.9401396598304	0	2.20450562709075	1.9401396598304	0.935132034617592	1.12347877983512
ENSDARG00000082833	RF00273	0	0	0	0	0	0	0	0	0	0	0	0	0	0	0	0	0	0	0
ENSDARG00000082842	RF00020	0.441674114791274	0	1.25667600957831	0	0	0	0	0	0	0	0.918606143459217	0.873799880419591	0	0	0	0	0	0	0
ENSDARG00000082850	RF00096	0	0	0	0	0	0	2.42954657362918	0	1.31021480588065	0	0.918606143459217	0.873799880419591	0.969139200067135	2.9102094897456	1.12967720258518	1.10225281354538	2.9102094897456	0	2.24695755967024
ENSDARG00000082853	RF00001	0	0	0	0	0	0	0	0	0	0	0	0	0	0	0	0	0	0	0
ENSDARG00000082857	RF00001	0	0	0	0	0	0	0	0	0	0	0	0	0	0	0	0	0	0	0
ENSDARG00000082871	RF00015	0	0	0	0	0	0	0	0	1.31021480588065	0	0	4.36899940209795	0	0.9700698299152	1.12967720258518	0	0.9700698299152	1.87026406923518	0
ENSDARG00000082878	RF00001	0	0	0	0	0	0	0	0	0	0	0	0	0	0	0	0	0	0	0
ENSDARG00000082891	RF00150	0	0	0	0	0	0	0	0	0	0	0	0	0	0	0	0	0	0	0
ENSDARG00000082897	RF00001	0	0	0	0	0	0	0	0	0	0	0	0	0	0	0	0	0	0.935132034617592	0
ENSDARG00000082898	dre-mir-451	0	0	0	0	0	0	0	0	0	0	0	0	0	0	0	0	0	0	0
ENSDARG00000082901	RF00001	0	0	0	0	0	0	0	0	0	0	0	1.74759976083918	0.969139200067135	0.9700698299152	1.12967720258518	0	0.9700698299152	0.935132034617592	0
ENSDARG00000082906	RF00001	0	0	0	0	0	0	0	0	0	0	0	0	0	0	0	0	0	0	0
ENSDARG00000082908	MIRLET7A3 (1 of many)	0	0	0	0	0	0	0	0	0	0	0	0	0	0	0	0	0	0	0
ENSDARG00000082911	RF00093	1.32502234437382	0	0	0	0.609140470712645	0	4.85909314725836	0	1.31021480588065	3.69043723651457	0	1.74759976083918	2.9074176002014	0.9700698299152	2.25935440517035	0	0.9700698299152	6.54592424232314	2.24695755967024
ENSDARG00000082918	dre-mir-10b-2	0	0	0	0	0	0	0	0	0	3.69043723651457	4.59303071729609	3.49519952167836	2.9074176002014	0.9700698299152	4.51870881034071	2.20450562709075	0.9700698299152	2.80539610385277	2.24695755967024
ENSDARG00000082920	dre-mir-27e	0	0	0	0	0	0	0	0	0	0	0	0	0	0	0	0	0	0	0
ENSDARG00000082930	RF00090	0	0	0	0	0	0	0	0	1.31021480588065	1.84521861825729	0	0.873799880419591	0.969139200067135	0	0	1.10225281354538	0	0.935132034617592	0
ENSDARG00000082938	dre-mir-130a	0	0	0	0	0	0	0	0	0	0	0.918606143459217	0.873799880419591	0	0	1.12967720258518	1.10225281354538	0	0	0
ENSDARG00000082942	dre-let-7f	0	0	0	0	0	0	0	0	0	0	0	0	0	0	0	0	0	0	0
ENSDARG00000082960	RF00068	36.6589515276758	0	0	0	0	0	8.50341300770213	17.5876327304542	3.93064441764196	3.69043723651457	0.918606143459217	4.36899940209795	5.81483520040281	0	3.38903160775553	1.10225281354538	0	0.935132034617592	3.37043633950536
ENSDARG00000082968	dre-mir-429b	0	0	0	0	0	0.815533520618349	0	2.70578965083912	3.93064441764196	4.61304654564322	9.18606143459217	16.6021977279722	17.4445056012084	15.5211172786432	14.6858036336073	11.0225281354538	15.5211172786432	18.7026406923518	20.2226180370321
ENSDARG00000082983	RF00001	0	0	0	0	0	0	0	0	0	0	0	0	0.969139200067135	0	0	1.10225281354538	0	0	0
ENSDARG00000082997	RF00001	0	0	0	0	0	0	0	0	0	0	0	0	0	0	0	0	0	0	0
ENSDARG00000083005	RF00001	0	0	0	0	0	0.815533520618349	0	0	1.31021480588065	0.922609309128644	2.75581843037765	1.74759976083918	0	1.9401396598304	0	1.10225281354538	1.9401396598304	2.80539610385277	1.12347877983512
ENSDARG00000083007	RF00001	0	0	0	0	0	0.815533520618349	1.21477328681459	1.35289482541956	0	0	0	0.873799880419591	0	0	0	0	0	0	0
ENSDARG00000083014	RF00001	0	0	0	0	0	0	0	0	0	0	0	0	0	0	0	0	0	0	1.12347877983512
ENSDARG00000083023	dre-mir-218a-2	0	0	0	0	0	0	0	0	0	1.84521861825729	1.83721228691843	0.873799880419591	0	0	1.12967720258518	0	0	0	1.12347877983512
ENSDARG00000083027	dre-mir-732	0	0	0	0	0	0	0	0	0	0	0	0	0	0	0	0	0	0	0
ENSDARG00000083042	mir214a	0	0	0	0	0	0	0	0	0	0	0.918606143459217	1.74759976083918	0	5.8204189794912	1.12967720258518	4.40901125418151	5.8204189794912	6.54592424232314	2.24695755967024
ENSDARG00000083046	NC_002333.19	0	0	0	0	0	0	0	0	0	0	0	0	0	0	0	0	0	0	0
ENSDARG00000083047	dre-mir-10d	0	0	0	0	0	0	0	0	0	2.76782792738593	3.67442457383687	1.74759976083918	1.93827840013427	10.6707681290672	2.25935440517035	5.51126406772688	10.6707681290672	7.48105627694073	7.86435145884583
ENSDARG00000083050	RF00001	0	0	0	0	0	0	0	2.70578965083912	1.31021480588065	2.76782792738593	1.83721228691843	2.62139964125877	0	19.401396598304	2.25935440517035	8.81802250836301	19.401396598304	19.6377727269694	19.099139257197
ENSDARG00000083056	RF01299	0	0	0	0	0	0	0	0	3.93064441764196	1.84521861825729	0	0	1.93827840013427	0	0	0	0	0	0
ENSDARG00000083060	RF00619	0	0	0	0	0	0	0	0	0	0	0	0	0	0	0	0	0	0	0
ENSDARG00000083061	RF00001	0	0	0	0	0	0	0	0	0	0	0	0	0	0	0	0	0	0	0
ENSDARG00000083063	RF00003	0	3.95546230510189	1.25667600957831	1.99510724819151	1.21828094142529	2.44660056185505	3.64431986044377	0	0	0	1.83721228691843	0	1.93827840013427	0	0	0	0	0	0
ENSDARG00000083082	dre-mir-129-2	0.441674114791274	0	0	0	0	0.815533520618349	0	0	0	0	0	0	0	0.9700698299152	0	0	0.9700698299152	3.74052813847037	4.49391511934048
ENSDARG00000083084	RF00001	0	0	0	0	0	0	0	0	0	0	0	0	0	0	0	0	0	0	0
ENSDARG00000083089	RF00340	0.441674114791274	0	0	0	0	1.6310670412367	6.07386643407295	5.41157930167823	7.86128883528391	7.38087447302915	1.83721228691843	3.49519952167836	1.93827840013427	1.9401396598304	0	0	1.9401396598304	1.87026406923518	0
ENSDARG00000083100	dre-mir-145	0	0	0	0	0	0	0	0	0	0	0	0	0	0	0	0	0	0	0
ENSDARG00000083108	RF00045	0.883348229582548	0	0	0	0	13.8640698505119	55.8795711934711	43.2926344134258	28.8247257293743	35.9817630560171	33.0698211645318	21.8449970104898	11.6296704008056	2.9102094897456	11.2967720258518	5.51126406772688	2.9102094897456	3.74052813847037	3.37043633950536
ENSDARG00000083118	NC_002333.20	0	0	0	0	0	0	0	0	0	0	0	0	0	0	0	0	0	0	0
ENSDARG00000083122	dre-mir-190b	0	0	0	0	0	0	0	0	0	0	0	0	0	0	0	0	0	0	0
ENSDARG00000083123	dre-mir-125a-1	0.441674114791274	0	0	0	0	0	0	0	0	0	0	0	0	0	0	0	0	0	0
ENSDARG00000083126	mir96	0	0	0	0	0	0	0	0	0	0	2.75581843037765	1.74759976083918	0.969139200067135	2.9102094897456	0	3.30675844063613	2.9102094897456	2.80539610385277	6.74087267901071
ENSDARG00000083129	dre-mir-7a-2	0	0	0	0	0	0	0	0	0	0.922609309128644	0	0	0	0	0	0	0	0	0
ENSDARG00000083150	RF00137	0	0	0	0	0	0	0	0	0	0	0	0	0.969139200067135	0	0	0	0	0	0
ENSDARG00000083158	RF01277	0.883348229582548	0	0	0	0	0.815533520618349	10.9329595813313	0	3.93064441764196	3.69043723651457	5.5116368607553	2.62139964125877	2.9074176002014	0	1.12967720258518	2.20450562709075	0	0.935132034617592	0
ENSDARG00000083165	RF00001	0	0	0	0	0	0	0	0	0	0	0.918606143459217	0	0.969139200067135	0	0	0	0	0	0
ENSDARG00000083171	RF00270	0	0	0	0	0.609140470712645	4.07766760309174	20.651145875848	12.176053428776	13.1021480588065	6.45826516390051	5.5116368607553	3.49519952167836	0	0	0	0	0	0.935132034617592	0
ENSDARG00000083179	dre-mir-199-2	0	0	0	0	0	0	0	0	0	0	0	2.62139964125877	0.969139200067135	0.9700698299152	4.51870881034071	0	0.9700698299152	0.935132034617592	2.24695755967024
ENSDARG00000083181	dre-mir-27c	0	0	0	0	0	0	0	0	0	0	0	0	0	0	1.12967720258518	0	0	0	0
ENSDARG00000083189	arhgap19	662.06949807212	3641.00305184629	3387.99852182313	1514.28640137736	1349.24614262851	1095.26151819044	620.749149562255	1076.90428103397	775.647165081346	549.875148240672	454.710041012313	402.821744873431	427.390387229607	118.348519249654	433.796045792708	282.176720267616	118.348519249654	144.945465365727	60.6678541110964
ENSDARG00000083213	dre-mir-16a	0	0	0	0	0	0	0	0	0	0	0	0	0	0	0	0	0	0	0
ENSDARG00000083221	RF00001	0	0	0	0	0	0	0	0	0	0	0	0	0.969139200067135	0	0	0	0	0	0
ENSDARG00000083224	dre-mir-130c-2	0.441674114791274	0	0	0	0	0	0	0	0	0	0	0	0	0	0	1.10225281354538	0	0	0
ENSDARG00000083232	RF00001	0.441674114791274	0	0	0	0	0	0	0	0	1.84521861825729	0.918606143459217	0.873799880419591	1.93827840013427	0.9700698299152	1.12967720258518	1.10225281354538	0.9700698299152	3.74052813847037	2.24695755967024
ENSDARG00000083238	RF00001	0	0	0	0	0	0	0	0	0	0	0	0	0	0	0	0	0	1.87026406923518	0
ENSDARG00000083247	dre-mir-727	0	0	0	0	0	0	0	0	0	0	0	0	0	0.9700698299152	0	0	0.9700698299152	0	0
ENSDARG00000083254	RF00152	0	0	0	0	0	0	0	0	0	0	0	0	0	0	0	0	0	0	0
ENSDARG00000083256	RF00613	0	0	0	0	0	0	0	0	0	0	0	0	0	0	0	0	0	0	0
ENSDARG00000083266	RF00581	1.7666964591651	0	0	0	0	5.70873464432844	8.50341300770213	5.41157930167823	10.4817184470452	8.30348378215779	8.26745529113295	3.49519952167836	1.93827840013427	0.9700698299152	1.12967720258518	0	0.9700698299152	0.935132034617592	0
ENSDARG00000083268	RF00611	0	0	0	0	0	0	0	0	0	0	0	0	0	0	0	0	0	0	0
ENSDARG00000083269	dre-mir-218b	0	0	0	0	0	0	0	0	0	0	0.918606143459217	0	0	0.9700698299152	0	0	0.9700698299152	0.935132034617592	0
ENSDARG00000083270	MIRLET7A3 (1 of many)	0.441674114791274	0	0	0	0	0	0	0	0	0	0	0	0	0.9700698299152	0	0	0.9700698299152	0.935132034617592	0
ENSDARG00000083272	dre-mir-217	0	0	0	0	0	0	0	0	0	0	1.83721228691843	0.873799880419591	4.84569600033567	0.9700698299152	12.4264492284369	3.30675844063613	0.9700698299152	2.80539610385277	5.6173938991756
ENSDARG00000083280	dre-let-7g-1	3.09171880353892	1.97773115255094	0	0	1.82742141213794	1.6310670412367	2.42954657362918	0	0	0	0.918606143459217	0	1.93827840013427	2.9102094897456	2.25935440517035	2.20450562709075	2.9102094897456	3.74052813847037	7.86435145884583
ENSDARG00000083285	RF00001	0	0	1.25667600957831	0	0	0.815533520618349	0	0	0	0	0	0	0	2.9102094897456	1.12967720258518	0	2.9102094897456	1.87026406923518	4.49391511934048
ENSDARG00000083308	dre-mir-489	0	0	0	0	0	0	1.21477328681459	0	0	0	0	0	0	5.8204189794912	0	0	5.8204189794912	3.74052813847037	4.49391511934048
ENSDARG00000083309	mir196a-1	0	0	0	0	0	0	0	0	0	0	0	0	0	0	0	0	0	0	0
ENSDARG00000083310	dre-mir-146a	0	0	0	0.66503574939717	0	0	0	0	0	0	0	0	0	0.9700698299152	0	0	0.9700698299152	0.935132034617592	0
ENSDARG00000083312	NC_002333.21	0	0	0	0	0	0	0	0	0	0	0	0	0	0	0	0	0	0	0
ENSDARG00000083318	RF00001	0	0	0	0	0	0	0	1.35289482541956	0	0.922609309128644	0	0	0	0	0	0	0	0	0
ENSDARG00000083322	RF00001	0.441674114791274	0	0	0	0	0	0	0	0	0	0	0	0	0	0	0	0	0	0
ENSDARG00000083325	RF01296	4.85841526270402	0	1.25667600957831	0.66503574939717	0	80.7378185412165	70.4568506352462	96.0555326047886	44.5473033999422	25.833060655602	17.4535167257251	11.3593984454547	11.6296704008056	0.9700698299152	6.77806321551106	3.30675844063613	0.9700698299152	1.87026406923518	1.12347877983512
ENSDARG00000083326	RF00001	0.441674114791274	0	0	0	0	0	0	0	0	0	0	0	0	0	0	1.10225281354538	0	0	0
ENSDARG00000083332	RF00001	0	0	0	0	0	0.815533520618349	0	0	0	1.84521861825729	2.75581843037765	1.74759976083918	1.93827840013427	0.9700698299152	0	0	0.9700698299152	0.935132034617592	3.37043633950536
ENSDARG00000083336	dre-mir-210	1.32502234437382	0	0	0	0	0	0	0	0	0	0.918606143459217	0	0	0	0	1.10225281354538	0	0.935132034617592	0
ENSDARG00000083339	RF00001	0	0	0	0	0	0	0	0	0	0	0	0	0	0	0	0	0	0.935132034617592	0
ENSDARG00000083345	RF00001	0	0	0	0	0	0.815533520618349	0	1.35289482541956	1.31021480588065	0.922609309128644	1.83721228691843	0.873799880419591	1.93827840013427	0.9700698299152	0	3.30675844063613	0.9700698299152	1.87026406923518	4.49391511934048
ENSDARG00000083357	dre-mir-203b	0	0	0	0	0	0	17.0068260154043	8.11736895251735	19.6532220882098	8.30348378215779	22.0465474430212	10.4855985650351	27.1358976018798	10.6707681290672	28.2419300646294	9.92027532190839	10.6707681290672	7.48105627694073	11.2347877983512
ENSDARG00000083359	dre-mir-216b	0	0	0	0	0	0	0	0	0	0.922609309128644	0	0	0.969139200067135	0	0	0	0	0	1.12347877983512
ENSDARG00000083360	dre-mir-146b	0.441674114791274	0	0	0	0	0	0	0	0	0	0	0	0	0	0	0	0	0	0
ENSDARG00000083365	dre-mir-148	0	0	0	0	0	0	0	0	0	0	0	0	0	0	0	0	0	0	0
ENSDARG00000083369	RF00001	0	0	0	0	0	0	0	0	0	0	0.918606143459217	0	0	0	0	0	0	0	0
ENSDARG00000083370	RF00001	0	0	0	0	0	0	0	0	0	0	0	0	0.969139200067135	0	0	1.10225281354538	0	0	0
ENSDARG00000083378	RF00092	1.32502234437382	0	0	0	0	1.6310670412367	6.07386643407295	4.05868447625867	2.6204296117613	6.45826516390051	0	1.74759976083918	0.969139200067135	0	2.25935440517035	2.20450562709075	0	0.935132034617592	0
ENSDARG00000083379	RF00020	0	0	0	0	0	0	0	0	0	0	0	0	0	0	0	0	0	0	0
ENSDARG00000083387	RF00001	0	0	0	0	0	0	0	0	0	0	0	0	0	0.9700698299152	0	0	0.9700698299152	0	0
ENSDARG00000083389	RF00191	19.4336610508161	0	0	0	0	4.07766760309174	30.3693321703647	20.2934223812934	10.4817184470452	21.2200141099588	14.6976982953475	7.86419892377632	5.81483520040281	1.9401396598304	3.38903160775553	0	1.9401396598304	2.80539610385277	1.12347877983512
ENSDARG00000083391	RF00001	0	0	0	0	0	0	0	0	0	0	0	0	0	0	0	0	0	0	0
ENSDARG00000083395	dre-mir-153b	0	0	0	0	0	0	0	0	0	2.76782792738593	1.83721228691843	2.62139964125877	7.75311360053708	2.9102094897456	6.77806321551106	0	2.9102094897456	0.935132034617592	5.6173938991756
ENSDARG00000083400	RF00045	0.441674114791274	0	0	0	0.609140470712645	23.6504720979321	54.6647979066565	37.8810551117476	26.204296117613	35.0591537468885	43.1744887425832	19.223597369231	14.537088001007	7.7605586393216	20.3341896465332	8.81802250836301	7.7605586393216	6.54592424232314	4.49391511934048
ENSDARG00000083412	RF00001	0.441674114791274	0	0	0	0	0	1.21477328681459	0	0	5.53565585477186	3.67442457383687	8.73799880419591	23.2593408016112	80.5157958829616	23.7232212542887	39.6811012876336	80.5157958829616	71.070034630937	93.2487387263149
ENSDARG00000083413	RF00001	0	0	0	0	0	0	0	0	0	0	0	0.873799880419591	0	0	0	0	0	0	0
ENSDARG00000083417	RF00548	0	0	0	0	0	0	0	0	0	0	0	0.873799880419591	0.969139200067135	0	0	0	0	0	1.12347877983512
ENSDARG00000083420	dre-mir-301a	0	0	0	0	0	0	0	0	0	0	0	0	0	0	0	0	0	0	0
ENSDARG00000083421	RF00001	0	0	0	0	0	0	0	0	0	0	0	0	0	0	0	0	0	0	0
ENSDARG00000083423	dre-mir-107a	0	0	0	0	0	0	0	0	0	0	0	0	0	0	0	0	0	0	0
ENSDARG00000083424	RF01234	0	0	0	0	0	0	1.21477328681459	0	1.31021480588065	0	1.83721228691843	3.49519952167836	4.84569600033567	2.9102094897456	1.12967720258518	3.30675844063613	2.9102094897456	0	0
ENSDARG00000083425	dre-let-7g-2	0	0	0	0	0	0	0	0	0	0	0	0	0	0	0	0	0	0	0
ENSDARG00000083427	RF00001	0	0	0	0	0	0.815533520618349	0	0	0	0	0	0	0	0	0	0	0	0	0
ENSDARG00000083428	RF00001	0	0	0	0	0	0	0	0	0	0	0	0	0	0	0	0	0	0.935132034617592	1.12347877983512
ENSDARG00000083431	RF00015	0	0	0	0	0	0	0	0	0	0.922609309128644	0	0	0	0	0	0	0	0	1.12347877983512
ENSDARG00000083432	dre-mir-22b	0	0	0	0.66503574939717	0	0	0	0	0	0	0	0	0	0	0	0	0	0	0
ENSDARG00000083434	RF00377	0	0	0	0	0.609140470712645	13.0485363298936	4.85909314725836	2.70578965083912	1.31021480588065	0	0	0	0	0	0	0	0	0.935132034617592	0
ENSDARG00000083457	RF00284	0	0	0	0	0	0	0	0	0	0	0	0	0	0	0	0	0	0	0
ENSDARG00000083462	NC_002333.22	0	0	0	0	0	0	0	0	0	0	0	0	0	0	0	0	0	0	0
ENSDARG00000083480	NC_002333.23	0	0	0	0	0	0	0	0	0	0	0	0	0	0	0	0	0	0	0
ENSDARG00000083487	RF00001	0.441674114791274	0	0	0	0	0	0	0	0	0	0	0	0	0	0	0	0	0	1.12347877983512
ENSDARG00000083495	dre-mir-128-2	0	0	0	0	0	0	0	1.35289482541956	0	0	0	0	0	0	0	0	0	0.935132034617592	0
ENSDARG00000083496	dre-mir-9-4	0	0	0	0	0	0.815533520618349	0	0	0	0	0	0	0	0.9700698299152	0	0	0.9700698299152	0	0
ENSDARG00000083498	dre-mir-184-2	0	0	0	0	0	0	0	0	0	0	0	0	0	0	0	0	0	0	0
ENSDARG00000083500	dre-mir-30e-2	0	0	0	0	0	0	0	0	0	0	0	0	0	0	0	0	0	0	0
ENSDARG00000083501	RF00001	0	0	0	0	0	0	0	0	0	0.922609309128644	0	0	0	0	0	0	0	0.935132034617592	0
ENSDARG00000083519	NC_002333.24	0	0	0	0	0	0	0	0	0	0	0	0	0	0	0	0	0	0	0
ENSDARG00000083520	RF00026	0	0	0	0	0	0.815533520618349	0	0	0	0	0	0	0	0	0	0	0	0	0
ENSDARG00000083526	dre-mir-23a-3	0	0	0	0	0	0	0	0	0	0	0	0.873799880419591	0	1.9401396598304	0	0	1.9401396598304	0	0
ENSDARG00000083528	dre-mir-30b	0	0	0	0	0	0	0	0	0	0	0	0	0	0	0	0	0	0	0
ENSDARG00000083529	RF00001	0	0	0	0	0	0	0	0	0	0	0	0	0	0	0	0	0	0.935132034617592	1.12347877983512
ENSDARG00000083537	dre-mir-133b	0	0	0	0	0	0	0	0	0	0	0	0	0	0	0	0	0	0	0
ENSDARG00000083541	RF00001	0	0	0	0	0	0	0	0	0	0	0	0.873799880419591	0	0.9700698299152	0	0	0.9700698299152	0	0
ENSDARG00000083557	dre-mir-125b-3	0.441674114791274	0	0	0	0	0	0	0	0	0	0	0	0.969139200067135	4.850349149576	2.25935440517035	4.40901125418151	4.850349149576	6.54592424232314	6.74087267901071
ENSDARG00000083564	RF00001	0.883348229582548	0	0	0	0.609140470712645	0	0	0	0	0	0	0	0	0	0	0	0	0	0
ENSDARG00000083571	RF00001	0	0	0	0	0	0	0	0	0	0	0	0.873799880419591	0.969139200067135	0	0	0	0	0	0
ENSDARG00000083573	RF00001	0	0	0	0	0	0	0	0	0	0	0	0	0	0	0	0	0	0	0
ENSDARG00000083576	RF00396	0	0	0	0	0	0	1.21477328681459	0	0	0	0	0	0	0	0	0	0	0	0
ENSDARG00000083580	RF00001	0	0	0	0	0	0	0	0	0	0	0	0	0	0	0	0	0	0	0
ENSDARG00000083582	RF00072	0.441674114791274	0	0	0	0	4.89320112371009	8.50341300770213	2.70578965083912	1.31021480588065	3.69043723651457	3.67442457383687	3.49519952167836	0.969139200067135	1.9401396598304	0	0	1.9401396598304	0	0
ENSDARG00000083583	RF00001	0	0	0	0	0	0	2.42954657362918	1.35289482541956	3.93064441764196	0.922609309128644	0.918606143459217	1.74759976083918	1.93827840013427	0.9700698299152	0	0	0.9700698299152	0	2.24695755967024
ENSDARG00000083587	RF00001	0	0	0	0	0	0	0	0	0	0	0	0	0	0	0	0	0	0	1.12347877983512
ENSDARG00000083588	dre-mir-181b-3	0.441674114791274	0	0	0	0	0.815533520618349	0	0	0	15.6843582551869	13.7790921518883	5.24279928251755	12.5988096008728	55.2939803051664	10.1670948232666	61.7261575585411	55.2939803051664	34.5998852808509	42.6921936337345
ENSDARG00000083593	RF00430	0.441674114791274	0	0	0	0.609140470712645	19.5728044948404	93.5375430847234	96.0555326047886	56.339236652868	41.517418910789	32.1512150210726	20.9711971300702	20.3519232014098	4.850349149576	7.90774041809624	8.81802250836301	4.850349149576	0.935132034617592	1.12347877983512
ENSDARG00000083597	dre-mir-22a	3.09171880353892	0	0	0	0	0.815533520618349	2.42954657362918	1.35289482541956	3.93064441764196	7.38087447302915	12.860486008429	16.6021977279722	11.6296704008056	19.401396598304	11.2967720258518	19.8405506438168	19.401396598304	13.0918484846463	12.3582665781863
ENSDARG00000083615	RF00001	0	0	0	0	0	0.815533520618349	1.21477328681459	0	0	0	0	0	0	0	0	0	0	0	0
ENSDARG00000083622	dre-mir-124-6	0	0	0	1.33007149879434	0	0	1.21477328681459	1.35289482541956	2.6204296117613	6.45826516390051	11.9418798649698	4.36899940209795	10.6605312007385	24.25174574788	12.4264492284369	19.8405506438168	24.25174574788	27.1188290039102	33.7043633950536
ENSDARG00000083623	dre-mir-736	0	0	0	0	0	0	0	0	0	0	0	0	0	0	0	0	0	0	0
ENSDARG00000083624	dre-mir-430a-1	0	0	0	0	0	0	0	0	0	0	0	0	0	0	0	0	0	0	0
ENSDARG00000083634	dre-mir-122	0	0	0	0	0	0	0	0	0	0	0	0	0	0	0	1.10225281354538	0	1.87026406923518	1.12347877983512
ENSDARG00000083638	RF00066	0.441674114791274	0	0	0	0	0	0	0	0	1.84521861825729	0	2.62139964125877	0	3.8802793196608	1.12967720258518	0	3.8802793196608	3.74052813847037	0
ENSDARG00000083653	RF00001	0	0	0	0	0	0	1.21477328681459	0	0	0	0	0.873799880419591	0	0	0	1.10225281354538	0	0	0
ENSDARG00000083654	RF00001	0	0	0	0	0	0	0	0	0	0	0	0	0	0	0	0	0	0	0
ENSDARG00000083664	RF00001	0	0	0	0	0	0	0	0	0	0	0	0	0	0	0	0	0	0	0
ENSDARG00000083675	RF00100	0	0	0	0	0	0.815533520618349	2.42954657362918	0	0	0	0	0	0	0	0	0	0	0	0
ENSDARG00000083676	RF00001	0	0	0	0	0	0	0	0	0	0	0	0	0	0	0	0	0	0	0
ENSDARG00000083682	RF00001	0.441674114791274	0	0	0	0	0	0	0	0	0	0	0	0	0	0	0	0	0.935132034617592	2.24695755967024
ENSDARG00000083690	RF00001	0	0	0	0	0	0	0	0	0	0	0	0	0	0	0	0	0	0	0
ENSDARG00000083693	RF00001	0	0	0	0	0	0	0	0	0	0	0	0	0	0	0	0	0	0	0
ENSDARG00000083699	RF01241	5.30008937749529	0	0	0	0.609140470712645	1.6310670412367	8.50341300770213	9.4702637779369	5.24085922352261	3.69043723651457	3.67442457383687	4.36899940209795	0	0	0	2.20450562709075	0	0.935132034617592	2.24695755967024
ENSDARG00000083706	dre-mir-2193	0	0	0	0	0	0	0	0	0	0	0	0	0	0	0	0	0	0	0
ENSDARG00000083708	RF00001	0	0	0	0	0	0	0	0	0	0	0	0	0	0	0	0	0	0	0
ENSDARG00000083712	RF00001	0	0	0	0	0	1.6310670412367	0	0	0	0	0	0	0	1.9401396598304	0	0	1.9401396598304	0	0
ENSDARG00000083737	RF00001	0	0	0	0	0	0	0	0	0	0	0	0	0	0	0	0	0	0	0
ENSDARG00000083738	RF00231	4.41674114791274	1.97773115255094	0	0	0	0	2.42954657362918	8.11736895251735	6.55107402940326	11.0713117095437	8.26745529113295	7.86419892377632	6.78397440046994	3.8802793196608	6.77806321551106	11.0225281354538	3.8802793196608	0.935132034617592	7.86435145884583
ENSDARG00000083753	RF00001	0	0	0	0	0	0	0	0	0	0	0	0	0.969139200067135	0.9700698299152	0	1.10225281354538	0.9700698299152	0	1.12347877983512
ENSDARG00000083760	RF00478	8.39180818103421	0	0	0	0	27.7281397010239	19.4363725890334	8.11736895251735	5.24085922352261	0.922609309128644	0	0	0	0.9700698299152	0	1.10225281354538	0.9700698299152	0	1.12347877983512
ENSDARG00000083762	dre-mir-2198	0	0	0	0	0	0	1.21477328681459	0	0	0.922609309128644	0	0	0	0	1.12967720258518	1.10225281354538	0	0	0
ENSDARG00000083770	RF00001	0	0	0	0	0	0	0	0	0	0	0.918606143459217	0	0	0	0	1.10225281354538	0	0	0
ENSDARG00000083781	RF00001	0	0	0	0	0	0	0	0	0	0	0	0.873799880419591	0	1.9401396598304	0	1.10225281354538	1.9401396598304	0.935132034617592	5.6173938991756
ENSDARG00000083784	RF00099	0	0	0	0	0	0	0	2.70578965083912	0	0	0	0.873799880419591	0.969139200067135	0.9700698299152	2.25935440517035	1.10225281354538	0.9700698299152	2.80539610385277	3.37043633950536
ENSDARG00000083794	RF00001	0	0	0	0	0	0	0	0	0	0	0	0	0	0	0	0	0	0	1.12347877983512
ENSDARG00000083797	RF00001	0	0	0	0	0	0	1.21477328681459	0	1.31021480588065	0.922609309128644	0	0	0	0.9700698299152	0	1.10225281354538	0.9700698299152	1.87026406923518	0
ENSDARG00000083807	RF00001	0.441674114791274	0	0	0	0	0	0	1.35289482541956	0	0	0	1.74759976083918	0	0.9700698299152	0	2.20450562709075	0.9700698299152	0	3.37043633950536
ENSDARG00000083816	RF00001	0	0	0	0	0	0	0	0	0	0	0	0	0.969139200067135	0	0	0	0	0	0
ENSDARG00000083818	RF00001	0	0	0	0	0	0	0	0	0	0	0	0	0	0	0	0	0	0	0
ENSDARG00000083826	RF00417	1.32502234437382	0	0	0	0	5.70873464432844	12.1477328681459	6.76447412709779	27.5145109234937	14.7617489460583	7.34884914767374	6.11659916293714	3.87655680026854	0.9700698299152	1.12967720258518	0	0.9700698299152	0	1.12347877983512
ENSDARG00000083829	RF00001	0	0	0	0	0	0	0	0	0	0	0	0	0	0	0	0	0	0	0
ENSDARG00000083842	RF00429	0.883348229582548	0	0	0	0	4.07766760309174	15.7920527285897	18.9405275558738	14.4123628646872	14.7617489460583	11.0232737215106	6.99039904335673	1.93827840013427	2.9102094897456	2.25935440517035	2.20450562709075	2.9102094897456	4.67566017308796	5.6173938991756
ENSDARG00000083852	RF00001	0	0	0	0	0	0	0	0	0	0	0	0	0	0	0	0	0	0	0
ENSDARG00000083857	RF00001	0	0	0	0	0	0	0	0	0	0	0	0	0.969139200067135	0	0	2.20450562709075	0	0	0
ENSDARG00000083865	RF00001	0	0	0	0	0	0	0	0	0	0	0	0	0	0	0	0	0	0	0
ENSDARG00000083868	RF00001	0	0	0	0	0	0	0	0	0	0	0	0	0	0	0	0	0	0	0
ENSDARG00000083870	dre-mir-2187	0	0	0	0	0	0	0	0	0	0	0	0	0	0	0	0	0	0	0
ENSDARG00000083874	dre-mir-2192	0	0	0	0	0	0	0	0	0	0	0	0	0	0	0	0	0	0	1.12347877983512
ENSDARG00000083885	RF01225	0	0	0	0	0	0	2.42954657362918	0	1.31021480588065	0	0.918606143459217	1.74759976083918	0	0	0	0	0	0	0
ENSDARG00000083886	dre-mir-2196	0	0	0	0	0	0	0	0	0	0	0	0	0	0	0	0	0	0	0
ENSDARG00000083891	RF00001	0	0	0	0	0	0	0	0	0	0	0	0	0	0	0	0	0	0	0
ENSDARG00000083894	RF00302	1.32502234437382	0	0	0	0	3.2621340824734	6.07386643407295	5.41157930167823	2.6204296117613	9.22609309128644	19.2907290126436	2.62139964125877	3.87655680026854	2.9102094897456	2.25935440517035	1.10225281354538	2.9102094897456	1.87026406923518	2.24695755967024
ENSDARG00000083895	RF00001	0	0	0	0	0	0.815533520618349	1.21477328681459	0	0	0.922609309128644	0.918606143459217	0	0	0	0	0	0	0	0
ENSDARG00000083914	RF00001	0	0	0	0	0	0	0	0	0	0	0	0	0	0.9700698299152	0	0	0.9700698299152	0	0
ENSDARG00000083918	RF00001	0	0	0	0	0	0	0	0	0	0	0	0	0	0	0	0	0	0	0
ENSDARG00000083932	RF00001	0	0	0	0	0	0	0	0	0	0	0	0	0	0	0	0	0	0	0
ENSDARG00000083936	RF00001	0	0	0	0	0	0	0	0	0	0	0	0	0	0	0	0	0	0	0
ENSDARG00000083937	RF00302	3.09171880353892	0	0	0	0	2.44660056185505	14.5772794417751	6.76447412709779	9.17150364116456	14.7617489460583	11.0232737215106	6.99039904335673	4.84569600033567	0	3.38903160775553	2.20450562709075	0	1.87026406923518	1.12347877983512
ENSDARG00000083941	RF00001	0.441674114791274	0	0	0	0	0.815533520618349	1.21477328681459	4.05868447625867	0	0	0	0.873799880419591	1.93827840013427	0.9700698299152	2.25935440517035	0	0.9700698299152	0	0
ENSDARG00000083950	RF00593	0.883348229582548	0	0	0	0	2.44660056185505	9.71818629451672	6.76447412709779	5.24085922352261	1.84521861825729	4.59303071729609	1.74759976083918	2.9074176002014	0.9700698299152	1.12967720258518	1.10225281354538	0.9700698299152	0.935132034617592	0
ENSDARG00000083952	RF00001	0	0	0	0	0	0	1.21477328681459	0	0	0	0	0	0	0	0	0	0	0	0
ENSDARG00000083954	RF00001	0	0	0	0	0	0	0	0	0	0	0	0	0.969139200067135	0	0	1.10225281354538	0	0	0
ENSDARG00000083959	RF00001	0	0	0	0	0	0	0	0	0	0	0.918606143459217	0	0	0	0	0	0	0	0
ENSDARG00000083966	RF00001	0	0	0	0	0	0.815533520618349	6.07386643407295	5.41157930167823	5.24085922352261	2.76782792738593	2.75581843037765	1.74759976083918	3.87655680026854	0.9700698299152	1.12967720258518	2.20450562709075	0.9700698299152	1.87026406923518	0
ENSDARG00000083967	RF00001	0	0	0	0	0	0	2.42954657362918	4.05868447625867	0	0	0.918606143459217	0	0	0	1.12967720258518	0	0	0	0
ENSDARG00000083973	RF00001	0.441674114791274	0	0	0	0	0	0	0	0	0	0	0	0	0	0	0	0	0	0
ENSDARG00000083979	RF00026	0	0	0	0.66503574939717	0	0.815533520618349	0	0	0	0.922609309128644	0	0	0	1.9401396598304	0	0	1.9401396598304	0	0
ENSDARG00000083986	RF01241	6.62511172186911	0	0	0	0	1.6310670412367	4.85909314725836	8.11736895251735	9.17150364116456	8.30348378215779	17.4535167257251	6.99039904335673	4.84569600033567	1.9401396598304	1.12967720258518	2.20450562709075	1.9401396598304	1.87026406923518	0
ENSDARG00000083988	RF00001	0	0	0	0	0	0	0	0	0	0	0	1.74759976083918	0	0	0	0	0	1.87026406923518	0
ENSDARG00000083992	RF00001	0	0	0	0	0	0	0	0	0	0	0	0	0	0	0	0	0	0	0
ENSDARG00000083996	RF00001	0	0	0	0	0	0	0	0	0	0	0	0	0	0	0	0	0	0	0
ENSDARG00000083999	RF00001	0	0	0	0	0	0	0	0	0	0	0	0	0	0	0	0	0	0	0
ENSDARG00000084002	RF00001	0	0	0	0	0	0.815533520618349	0	0	1.31021480588065	0.922609309128644	0	0	0	0	0	0	0	0	0
ENSDARG00000084004	RF00428	0.883348229582548	0	0	1.33007149879434	0.609140470712645	0	1.21477328681459	1.35289482541956	0	0.922609309128644	0.918606143459217	0	0	0	1.12967720258518	0	0	0	0
ENSDARG00000084014	RF00001	0	0	0	0	0	0	0	0	0	0	0.918606143459217	0	0	0	0	0	0	0	0
ENSDARG00000084018	RF00001	0	0	0	0	0	0	0	0	0	0	0.918606143459217	0.873799880419591	0	0	0	0	0	0	1.12347877983512
ENSDARG00000084019	RF00001	0	0	0	0	0	0	0	0	0	0	0	0	0	0	0	0	0	0.935132034617592	0
ENSDARG00000084026	RF00001	0	0	0	0	0	0	0	0	0	0	0	0	0	0	0	0	0	0.935132034617592	0
ENSDARG00000084032	RF00001	0	0	0	0	0	0	0	0	2.6204296117613	0	0	0	0	0	0	0	0	0	0
ENSDARG00000084034	RF00431	0	0	0	0	0	0	0	0	0	0	0	0	0	0	0	0	0	0	0
ENSDARG00000084040	RF00001	0	0	0	0	0	0	0	0	0	0	0	0	0	0	1.12967720258518	0	0	0.935132034617592	0
ENSDARG00000084043	RF00001	0	0	0	0	0	0	0	0	0	0	0	0	0	1.9401396598304	0	0	1.9401396598304	0.935132034617592	0
ENSDARG00000084045	RF00001	0	0	0	0	0	0	0	0	0	0.922609309128644	0	1.74759976083918	0	1.9401396598304	1.12967720258518	0	1.9401396598304	2.80539610385277	3.37043633950536
ENSDARG00000084053	RF00001	0	0	0	0	0	0	0	0	0	0	0	0	0	0	0	0	0	0.935132034617592	0
ENSDARG00000084059	RF00001	0	0	0	0	0	0	0	2.70578965083912	0	0	0	0	0	0	0	0	0	0	0
ENSDARG00000084065	RF00001	0	0	0	0	0	0.815533520618349	0	0	0	0	0	0	0	0	1.12967720258518	0	0	1.87026406923518	0
ENSDARG00000084068	RF00003	0.441674114791274	0	0	0	0	0	0	0	0	0	0	0	0	0	0	0	0	0	0
ENSDARG00000084074	RF00001	0	0	0	0	0	0	0	0	0	0	0	0	0	0	0	0	0	0	0
ENSDARG00000084075	RF00001	0	0	0	0	0	4.89320112371009	1.21477328681459	2.70578965083912	3.93064441764196	0	0.918606143459217	0	0	1.9401396598304	0	1.10225281354538	1.9401396598304	0	1.12347877983512
ENSDARG00000084079	RF00001	0	0	0	0	0	0	0	0	0	0	0	0	0	0	0	0	0	0	0
ENSDARG00000084089	RF00006	7.95013406624294	21.7550426780604	28.9035482203012	3.32517874698585	8.52796658997703	7.33980168556514	17.0068260154043	6.76447412709779	7.86128883528391	6.45826516390051	6.43024300421452	3.49519952167836	0.969139200067135	0	3.38903160775553	1.10225281354538	0	0	0
ENSDARG00000084093	RF00001	0	0	0	0	0	0	0	0	0	0	0	0	0	0	0	0	0	0	0
ENSDARG00000084095	RF00001	0	0	0	0	0	0	0	0	0	0	3.67442457383687	0	2.9074176002014	0.9700698299152	2.25935440517035	5.51126406772688	0.9700698299152	0.935132034617592	1.12347877983512
ENSDARG00000084107	RF00001	0.441674114791274	0	0	0	0	0	0	0	0	0	0	0.873799880419591	0	0	0	0	0	0	0
ENSDARG00000084123	RF00001	0	0	0	0	0	0	0	0	0	0	0	0	0	0	0	1.10225281354538	0	0	0
ENSDARG00000084127	RF00001	0	0	0	0	0	0	0	0	0	0	0	0	0	0	0	0	0	0	0
ENSDARG00000084136	RF00001	0	0	0	0	0	0	0	2.70578965083912	0	2.76782792738593	2.75581843037765	3.49519952167836	0	1.9401396598304	1.12967720258518	2.20450562709075	1.9401396598304	0.935132034617592	3.37043633950536
ENSDARG00000084142	RF00001	0	0	0	0	0	0	0	0	0	0	0	0	0	0	0	0	0	0.935132034617592	0
ENSDARG00000084145	RF00001	0	0	0	0	0	0	0	0	1.31021480588065	0.922609309128644	0	0	0	0	0	0	0	0	0
ENSDARG00000084148	RF00154	0	0	0	0	0	0	0	0	0	0	0	0	0	0	0	0	0	0	0
ENSDARG00000084151	RF00001	0	0	0	0	0	0	0	1.35289482541956	0	0	0	0	0	0.9700698299152	0	1.10225281354538	0.9700698299152	0.935132034617592	0
ENSDARG00000084164	RF00001	0	0	0	0	0	0	0	0	0	0	0	0	0	0	0	0	0	0	0
ENSDARG00000084166	RF00001	0.883348229582548	0	0	0	0	0	0	0	0	0	0	0	0	0	0	0	0	0.935132034617592	0
ENSDARG00000084170	RF00001	0	0	0	0	0	0	0	0	0	0	0	0	0	0	0	0	0	0	0
ENSDARG00000084173	RF00001	0	0	0	0	0	0	0	0	0	0	0	0	0	0	0	0	0	0	0
ENSDARG00000084202	RF00001	0	0	0	0	0	0	0	0	0	0	0	0	0	0	0	0	0	0	0
ENSDARG00000084209	RF00411	0.883348229582548	0	0	0	0	2.44660056185505	9.71818629451672	6.76447412709779	10.4817184470452	4.61304654564322	5.5116368607553	1.74759976083918	2.9074176002014	0.9700698299152	0	1.10225281354538	0.9700698299152	1.87026406923518	1.12347877983512
ENSDARG00000084211	RF00001	0	0	0	0	0	0	0	0	0	0	0	0	0.969139200067135	0	0	0	0	0	0
ENSDARG00000084215	RF00001	0	0	0	0	0	0	0	0	0	0	0	0	0	0	0	0	0	0.935132034617592	0
ENSDARG00000084219	dre-mir-2191	0	0	0	0	0	0	0	0	0	0	0	0	0	0.9700698299152	0	0	0.9700698299152	0.935132034617592	0
ENSDARG00000084222	RF00001	0	0	0	0	0	0	0	0	0	0	0	0	0	0	0	0	0	0	0
ENSDARG00000084279	RF00001	0	0	0	0	0	0	0	0	0	0	0	0	0	0	0	0	0	0	0
ENSDARG00000084280	RF00001	0	0	0	0	0	0	0	0	0	0	0	0	0	0	0	0	0	0.935132034617592	0
ENSDARG00000084281	RF00001	0	0	0	0	0	0.815533520618349	0	0	0	0	0	0	0	0	0	0	0	0	0
ENSDARG00000084287	RF00001	0	0	0	0	0	0	0	0	0	0	0	0	0	0.9700698299152	0	1.10225281354538	0.9700698299152	0.935132034617592	2.24695755967024
ENSDARG00000084290	RF00001	0	0	0	0	0	0	0	0	0	0	0	0	0	0	0	0	0	0	0
ENSDARG00000084296	RF00001	0	0	0	0	0	0	0	0	0	0	0	0	0	0	0	0	0	0	0
ENSDARG00000084300	RF00001	0	0	0	0	0	0	0	1.35289482541956	0	0	0	0	0	0	0	0	0	0	0
ENSDARG00000084310	RF00001	0	0	0	0	0	0	3.64431986044377	2.70578965083912	3.93064441764196	6.45826516390051	0	8.73799880419591	2.9074176002014	0.9700698299152	3.38903160775553	5.51126406772688	0.9700698299152	0	2.24695755967024
ENSDARG00000084316	RF00001	0	0	0	0	0	0	0	0	0	0	0	0	0.969139200067135	0	0	0	0	0.935132034617592	1.12347877983512
ENSDARG00000084341	RF00001	0	0	0	0	0	0	0	0	0	0	0	0	0	0	0	0	0	0	0
ENSDARG00000084373	RF00001	0	0	0	0	0	0	0	0	0	0	1.83721228691843	0.873799880419591	0	0	0	0	0	0	2.24695755967024
ENSDARG00000084381	RF00001	0	0	0	0	0	0	0	0	0	0	0.918606143459217	0.873799880419591	0	0	0	0	0	0	0
ENSDARG00000084391	RF00001	0	0	0	0	0	0	0	0	0	0	0	0	0	0	0	0	0	0	0
ENSDARG00000084393	RF00001	0	0	0	0	0	0	0	0	0	0	0	0	0	0	0	0	0	0	0
ENSDARG00000084398	RF00001	0	0	0	0	0	0	0	0	0	0	0.918606143459217	0.873799880419591	0	0	0	0	0	0	0
ENSDARG00000084399	RF00001	0	0	0	0	0	0	0	2.70578965083912	0	1.84521861825729	1.83721228691843	5.24279928251755	0.969139200067135	0.9700698299152	1.12967720258518	1.10225281354538	0.9700698299152	0.935132034617592	1.12347877983512
ENSDARG00000084403	RF00001	0	0	0	0	0	0	0	0	0	0	0	0	0.969139200067135	0	0	0	0	0	1.12347877983512
ENSDARG00000084411	RF00572	0	0	0	0	0	0.815533520618349	0	0	0	0	0	0	0	0	0	0	0	0	0
ENSDARG00000084414	RF00001	0	0	0	0	0	0	0	0	0	0.922609309128644	0	0	0.969139200067135	0	0	0	0	0	1.12347877983512
ENSDARG00000084425	RF00001	0	0	0	0	0	0.815533520618349	0	0	0	0	0	0	0	1.9401396598304	0	1.10225281354538	1.9401396598304	0.935132034617592	0
ENSDARG00000084430	RF00001	0	0	0	0	0	0	0	0	0	0	0	0	0	0	0	0	0	0	0
ENSDARG00000084431	RF00026	0	0	0	0	0	0	0	0	0	0	0	0	0	0	0	0	0	0	0
ENSDARG00000084433	RF00001	0	0	0	0	0	0	0	0	0	0	0	0	0	0	0	0	0	0	0
ENSDARG00000084441	RF00001	0	0	0	0	0	3.2621340824734	21.8659191626626	39.2339499371672	20.9634368940904	18.4521861825729	25.7209720168581	13.1069982062939	14.537088001007	0	10.1670948232666	6.61351688127226	0	4.67566017308796	1.12347877983512
ENSDARG00000084449	RF00429	0	0	0	0	0	0	2.42954657362918	0	0	0.922609309128644	0	0	0	0.9700698299152	0	1.10225281354538	0.9700698299152	0	0
ENSDARG00000084451	RF00001	0	0	0	0	0	0	0	0	0	0	0	0	0	0	0	0	0	0	0
ENSDARG00000084471	RF00001	0	0	0	0	0	0.815533520618349	2.42954657362918	0	1.31021480588065	0.922609309128644	0.918606143459217	0.873799880419591	0.969139200067135	0.9700698299152	0	0	0.9700698299152	0	1.12347877983512
ENSDARG00000084475	RF00001	0	0	0	0	0	0	0	0	0	0	0	0	0	0	0	0	0	0	0
ENSDARG00000084476	RF00001	0	0	0	0	0	0	0	1.35289482541956	1.31021480588065	0	0	0	0	0	0	0	0	0.935132034617592	0
ENSDARG00000084484	RF00001	0	0	0	0	0	0	0	0	0	0.922609309128644	0	0	0	0	0	0	0	0.935132034617592	1.12347877983512
ENSDARG00000084493	RF00001	0	0	0	0	0	0	0	0	0	0	0	0	0	0	0	0	0	0	0
ENSDARG00000084497	RF00001	0	0	0	0	0	0	0	0	0	0	0	0	0	0	0	1.10225281354538	0	0	0
ENSDARG00000084515	RF00001	0	0	0	0	0	0	0	0	0	0	0	0	0	0	0	0	0	0	0
ENSDARG00000084529	RF00001	0	0	0	0	0	0	0	0	0	0	0	0	0	0	0	0	0	0	0
ENSDARG00000084530	RF00001	0	0	0	0	0	0	1.21477328681459	0	0	0	0	0	0	0	0	0	0	0	0
ENSDARG00000084532	RF00322	9.27515641061676	0	0	0	0	13.0485363298936	25.5102390231064	25.7050016829716	13.1021480588065	10.1487024004151	3.67442457383687	2.62139964125877	4.84569600033567	1.9401396598304	5.64838601292589	2.20450562709075	1.9401396598304	0	2.24695755967024
ENSDARG00000084535	RF00001	0	0	0	0	0	0	0	0	0	0	0	0	0	0	0	0	0	0	0
ENSDARG00000084540	RF00001	0.441674114791274	0	0	0	0	0	0	0	0	0	0	0	0	1.9401396598304	0	1.10225281354538	1.9401396598304	0	1.12347877983512
ENSDARG00000084543	RF01233	2.20837057395637	0	0	0	0	1.6310670412367	0	1.35289482541956	0	1.84521861825729	2.75581843037765	1.74759976083918	0	0.9700698299152	3.38903160775553	2.20450562709075	0.9700698299152	2.80539610385277	0
ENSDARG00000084546	RF00001	0	0	0	0	0	0	0	0	0	0	0	0	0	0	0	1.10225281354538	0	0	0
ENSDARG00000084548	RF01233	0	0	0	0	0	0.815533520618349	2.42954657362918	0	0	0	0	0.873799880419591	0	0	1.12967720258518	0	0	0	0
ENSDARG00000084555	RF00001	0	0	0	0	0	0	0	2.70578965083912	0	0	0	0.873799880419591	0	0	0	0	0	0	1.12347877983512
ENSDARG00000084585	RF00001	0	0	0	0	0	0	0	0	0	0	0	0	0	0	0	0	0	0	0
ENSDARG00000084589	RF00001	0	0	0	0	0	0	1.21477328681459	0	1.31021480588065	0.922609309128644	10.1046675780514	4.36899940209795	1.93827840013427	0.9700698299152	1.12967720258518	1.10225281354538	0.9700698299152	0.935132034617592	0
ENSDARG00000084593	RF00001	0	0	0	0	0	0	0	0	0	0	0	0	0	0	0	0	0	0	0
ENSDARG00000084594	RF00001	0	0	0	0	0	0	0	0	0	0	0	0	0	0	0	0	0	0	0
ENSDARG00000084628	RF00443	0	0	0	0	0	0.815533520618349	9.71818629451672	2.70578965083912	6.55107402940326	4.61304654564322	8.26745529113295	2.62139964125877	1.93827840013427	0	3.38903160775553	1.10225281354538	0	0.935132034617592	0
ENSDARG00000084639	RF00001	0	0	0	0	0	0	0	0	0	0	0	0	0	0	1.12967720258518	0	0	0	0
ENSDARG00000084652	RF00001	0	0	0	0	0	0	1.21477328681459	0	0	0	0	0	0	0	0	0	0	0	0
ENSDARG00000084659	RF00001	0	0	0	0	0	0	0	0	0	0	0	0	0	0	0	0	0	0	0
ENSDARG00000084661	RF00009	19.8753351656073	0	0	0	0	0	1.21477328681459	2.70578965083912	1.31021480588065	1.84521861825729	0.918606143459217	0	0	0	0	0	0	0	1.12347877983512
ENSDARG00000084665	RF00001	0	0	0	0	0	0	0	0	0	0	0	0	0	1.9401396598304	0	0	1.9401396598304	1.87026406923518	3.37043633950536
ENSDARG00000084670	RF00431	0	0	0	0	0	0	0	0	0	0	0	0	0	0	0	0	0	0	0
ENSDARG00000084678	RF00001	0.441674114791274	0	0	0	0	0	0	0	0	0	0	0	0	0	0	0	0	0	0
ENSDARG00000084681	RF00001	0.441674114791274	0	0	0	0.609140470712645	0	0	0	1.31021480588065	6.45826516390051	0	4.36899940209795	0.969139200067135	4.850349149576	2.25935440517035	6.61351688127226	4.850349149576	3.74052813847037	3.37043633950536
ENSDARG00000084684	RF00001	0	0	0	0	0	0	0	0	0	0	0	0.873799880419591	0	0	1.12967720258518	1.10225281354538	0	0	1.12347877983512
ENSDARG00000084687	RF00001	0	0	0	0	0	0	0	1.35289482541956	0	0	0	1.74759976083918	0	0	0	0	0	0	0
ENSDARG00000084707	RF00001	0	0	0	0	0	0	0	0	0	0	0	0.873799880419591	0	0	0	0	0	0.935132034617592	0
ENSDARG00000084708	RF00001	0	0	0	0	0	0	0	0	0	0	0	0	0	0	0	0	0	0	0
ENSDARG00000084720	RF00001	0	0	0	0	0	0	0	0	0	0	0	0	0	0	0	0	0	0	0
ENSDARG00000084729	RF00001	0	0	0	0	0	0	0	0	0	0	0	0	0	0	0	0	0	0	0
ENSDARG00000084741	RF00001	0	0	0	0	0	0	0	0	0	0	0	0	0	0	0	0	0	1.87026406923518	0
ENSDARG00000084754	RF00001	0	0	0	0	0	0	0	0	0	0	0	0	0	0	0	0	0	0	0
ENSDARG00000084755	RF00001	0	0	0	0	0	0	0	0	0	0	0	0	0.969139200067135	0.9700698299152	0	0	0.9700698299152	0	0
ENSDARG00000084766	RF00001	0	0	0	0	0	0	0	0	0	0	0	0	0	0.9700698299152	0	0	0.9700698299152	0	0
ENSDARG00000084772	RF00001	3.53339291833019	0	0	0	3.04570235356323	0	0	5.41157930167823	7.86128883528391	19.3747954917015	38.5814580252871	42.81619414056	38.7655680026854	30.0721647273712	29.3716072672146	41.8856069147243	30.0721647273712	32.7296212116157	33.7043633950536
ENSDARG00000084778	RF00001	0	0	0	0	0.609140470712645	0	0	0	0	0	0	0	0	0	0	0	0	0	0
ENSDARG00000084789	RF00001	0	0	0	0	0	0	0	0	0	0	0	0	0	0	0	0	0	0	0
ENSDARG00000084791	RF00001	0	0	0	0	0	0	0	0	0	0	0	0	0	0	0	0	0	0	0
ENSDARG00000084797	RF00001	0	0	0	0	0	0	0	0	0	0	0	0	0	0	0	0	0	0	0
ENSDARG00000084803	RF00001	0	0	0	0	0	0	0	0	0	0	0	0	0	0	0	0	0	0	0
ENSDARG00000084804	RF00001	0	0	0	0	0	0	0	0	0	0	0	0	0	0.9700698299152	0	1.10225281354538	0.9700698299152	0	2.24695755967024
ENSDARG00000084808	RF00001	0	0	0	0	0	0	1.21477328681459	0	0	0.922609309128644	0	0	0	1.9401396598304	0	0	1.9401396598304	0	1.12347877983512
ENSDARG00000084816	RF00001	0	0	0	0	0	0	0	0	0	0	0	0	0	0	0	2.20450562709075	0	0	0
ENSDARG00000084828	RF00263	3.97506703312147	0	0	0	0	1.6310670412367	12.1477328681459	10.8231586033565	18.3430072823291	6.45826516390051	9.18606143459217	2.62139964125877	0.969139200067135	2.9102094897456	0	1.10225281354538	2.9102094897456	1.87026406923518	0
ENSDARG00000084839	RF00001	0	0	0	0	0	0.815533520618349	1.21477328681459	0	1.31021480588065	0.922609309128644	0	0	0	0	0	0	0	0	0
ENSDARG00000084849	RF00001	0	0	0	0	0	0	0	0	0	0	0	0.873799880419591	0	0	1.12967720258518	0	0	0	0
ENSDARG00000084853	RF00001	0	0	0	0	0	0	0	0	0	0	0	0	0	0.9700698299152	0	0	0.9700698299152	0.935132034617592	0
ENSDARG00000084856	RF00001	0	0	0	0	0	0	0	1.35289482541956	0	0	0	0	0	0	0	0	0	0	0
ENSDARG00000084858	RF00001	0	0	0	0	0	0	0	1.35289482541956	0	0	0.918606143459217	0	0	0	1.12967720258518	0	0	0	0
ENSDARG00000084859	RF00001	0.441674114791274	0	0	0	0	0	0	0	0	0	0	0	0	0	0	0	0	0	0
ENSDARG00000084878	RF00001	0	0	0	0	0	0	0	0	0	0	0	0	0	0	0	0	0	0	0
ENSDARG00000084894	RF00618	0.441674114791274	0	0	0	0	0	0	0	0	0	0	0	0	0	0	0	0	0	0
ENSDARG00000084898	RF00001	0	0	0	0	0	0	0	2.70578965083912	1.31021480588065	0.922609309128644	0	0	0.969139200067135	0.9700698299152	0	0	0.9700698299152	0	0
ENSDARG00000084908	RF00001	0	0	0	0	0	0	0	0	0	0	0	0	0	0	0	0	0	0	0
ENSDARG00000084910	RF00001	0	0	0	0	0	0	0	0	0	0	0	0	0	0	0	0	0	0.935132034617592	0
ENSDARG00000084912	RF00001	0	0	0	0	0	0	0	0	0	0	0	0	0	0	0	0	0	0	0
ENSDARG00000084932	RF00001	0	0	0	0	0	0	1.21477328681459	0	0	0.922609309128644	0	1.74759976083918	0	0	2.25935440517035	1.10225281354538	0	1.87026406923518	1.12347877983512
ENSDARG00000084935	RF00001	0	0	0	0	0	0	0	0	0	0	0	0	0	0	0	0	0	0	0
ENSDARG00000084946	RF00001	0	0	0	0	0	0	0	0	0	0	0	0	0	0	0	0	0	0	0
ENSDARG00000084957	RF00001	0.441674114791274	0	0	0	0	0	0	0	0	0	0	0	0	0	0	0	0	0	1.12347877983512
ENSDARG00000084959	RF00001	0	0	0	0	0	0	0	0	0	0	0.918606143459217	1.74759976083918	0.969139200067135	0	1.12967720258518	3.30675844063613	0	0	1.12347877983512
ENSDARG00000084964	RF00001	0	0	0	0	0	0	0	0	0	0	0	0	0	0	1.12967720258518	0	0	0	0
ENSDARG00000084965	RF00001	0	0	0	0	0	0	0	0	0	0	0	0	0	0	0	0	0	0	0
ENSDARG00000084966	RF00001	0	0	0	0	0	0	0	0	0	0	0.918606143459217	0	0	0	0	0	0	0	0
ENSDARG00000084970	RF00001	0	0	0	0	0	0	0	0	0	0	0	0	0	0	0	0	0	0.935132034617592	1.12347877983512
ENSDARG00000084974	RF00001	0	0	0	0	0	0	0	0	0	0	0	0	0	0	0	0	0	0	0
ENSDARG00000084991	RF00091	0.441674114791274	0	0	0	0	13.8640698505119	40.0875184648815	50.0571085405236	43.2370885940615	33.2139351286312	22.9651535864804	12.2331983258743	16.4753664011413	2.9102094897456	7.90774041809624	7.71576969481763	2.9102094897456	10.2864523807935	6.74087267901071
ENSDARG00000084995	RF00408	0	0	0	0	0	4.89320112371009	35.2284253176231	17.5876327304542	34.0655849528969	18.4521861825729	22.9651535864804	11.3593984454547	8.72225280060422	0	4.51870881034071	3.30675844063613	0	0.935132034617592	1.12347877983512
ENSDARG00000085015	RF00001	0	0	0	0	0	0	0	0	0	0	0	0	0	0	0	0	0	0	0
ENSDARG00000085022	RF00001	0	0	0	0	0	0	0	0	0	0	0	0	0	0	0	0	0	0	0
ENSDARG00000085027	RF00001	0	0	0	0	0	0	0	0	0	0.922609309128644	0	0	0	0	0	0	0	0	0
ENSDARG00000085038	RF00001	0	0	0	0	0	0	0	0	0	0	0	0	0.969139200067135	0	0	0	0	0	0
ENSDARG00000085040	RF00001	0	0	0	0	0	0	0	0	0	0	0	0	0	0	0	0	0	0	0
ENSDARG00000085052	RF00001	0	0	0	0	0	0	0	0	0	0	0	0	0	0	0	0	0	0	0
ENSDARG00000085059	RF00001	0	0	0	0	0	0	0	0	0	0	0	0	0.969139200067135	0	0	0	0	0.935132034617592	1.12347877983512
ENSDARG00000085061	RF00001	0	0	0	0	0	0.815533520618349	1.21477328681459	0	0	0	0	0	0	0	0	0	0	0	0
ENSDARG00000085074	RF00001	0	0	0	0	0	0	0	0	0	0	0	0	0	0	0	0	0	0	0
ENSDARG00000085080	RF00001	0	0	0	0	0	0	0	0	0	0	0	0	0	0	0	0	0	0	0
ENSDARG00000085083	RF00001	0	0	0	0	0	0	0	0	0	0	0	0	0	0	0	0	0	0	0
ENSDARG00000085090	RF00001	0	0	0	0	0	0	0	0	0	0	0	0	0	0	0	0	0	0	1.12347877983512
ENSDARG00000085124	RF00001	0	0	0	0	0	0	0	0	0	0	0	0	0	0	0	1.10225281354538	0	0	0
ENSDARG00000085130	RF00026	1.7666964591651	0	0	0	0	1.6310670412367	0	2.70578965083912	2.6204296117613	1.84521861825729	2.75581843037765	2.62139964125877	0	0	0	1.10225281354538	0	0.935132034617592	0
ENSDARG00000085131	RF00001	0	0	0	0	0	0	0	0	0	0	0	0	0	0.9700698299152	0	0	0.9700698299152	0	0
ENSDARG00000085134	RF00001	0	0	0	0	0.609140470712645	0	0	0	0	0	0	0	0	0	0	0	0	0	0
ENSDARG00000085136	RF00001	0	0	0	0	0	0	0	0	0	0	0	0	0	0.9700698299152	0	0	0.9700698299152	0	0
ENSDARG00000085140	RF00001	0	0	0	0	0	0	0	0	0	0	0	0	0	0	0	0	0	0	0
ENSDARG00000085149	RF00001	0	0	0	0	0	0	0	0	1.31021480588065	0	0	0	0	0	0	0	0	0	0
ENSDARG00000085151	RF00001	0	0	0	0.66503574939717	0	0	0	0	0	0	0	0	0	0.9700698299152	0	0	0.9700698299152	0	0
ENSDARG00000085166	RF00020	0	0	0	0	0	0	0	0	0	0	0	0	0	0	0	1.10225281354538	0	0	0
ENSDARG00000085170	RF00001	0	0	0	0	0	0	0	0	0	3.69043723651457	1.83721228691843	0.873799880419591	0	5.8204189794912	2.25935440517035	1.10225281354538	5.8204189794912	1.87026406923518	2.24695755967024
ENSDARG00000085174	RF00004	0	0	0	0	0	0	0	0	0	0	0.918606143459217	0.873799880419591	0	0.9700698299152	0	0	0.9700698299152	0	0
ENSDARG00000085182	RF00001	0.441674114791274	0	0	0	0	0	0	0	0	2.76782792738593	0.918606143459217	0	1.93827840013427	0.9700698299152	0	1.10225281354538	0.9700698299152	0.935132034617592	1.12347877983512
ENSDARG00000085186	RF00001	0	0	0	0	0	0	0	0	0	0	0	0	0	0	0	0	0	0	0
ENSDARG00000085188	RF00001	0	0	0	0	0	0	0	0	0	0	0	0	0	0	0	0	0	0	0
ENSDARG00000085198	RF00001	0	0	0	0	0	0	0	0	0	0	0	0	0	0	0	0	0	0.935132034617592	0
ENSDARG00000085224	RF00001	0	0	0	0	0	0	0	0	0	0	0	0	0	0	0	0	0	0	0
ENSDARG00000085246	RF00001	1.7666964591651	0	0	0	0	0	0	0	0	1.84521861825729	0.918606143459217	2.62139964125877	0	8.73062846923679	4.51870881034071	2.20450562709075	8.73062846923679	6.54592424232314	5.6173938991756
ENSDARG00000085249	RF00582	0.883348229582548	0	0	0.66503574939717	0	0	1.21477328681459	0	0	0.922609309128644	0.918606143459217	0	0	0.9700698299152	1.12967720258518	0	0.9700698299152	0	0
ENSDARG00000085259	RF00001	0	0	0	0	0	0	0	0	0	0	0	0	0	0	0	0	0	0	0
ENSDARG00000085277	RF00001	0	0	0	0	0	0	0	0	0	0	0	0	0	0	0	0	0	0	0
ENSDARG00000085284	RF00001	0	0	0	0	0	0	0	0	0	0	0	0	0	0	0	0	0	0.935132034617592	1.12347877983512
ENSDARG00000085290	RF00001	0	0	0	0	0	0	0	0	0	0	0.918606143459217	0	0	0	0	1.10225281354538	0	0.935132034617592	1.12347877983512
ENSDARG00000085291	RF01192	0	0	0	0	0	0.815533520618349	4.85909314725836	1.35289482541956	2.6204296117613	0	0.918606143459217	0.873799880419591	0	1.9401396598304	0	0	1.9401396598304	0	0
ENSDARG00000085296	RF00001	0	0	0	0	0.609140470712645	0	0	1.35289482541956	2.6204296117613	1.84521861825729	1.83721228691843	0.873799880419591	1.93827840013427	0	0	0	0	1.87026406923518	0
ENSDARG00000085297	RF00001	0.441674114791274	0	0	0	0	0	0	0	0	0	0	0	0	0	0	0	0	0	0
ENSDARG00000085301	RF00322	0	0	0	0	0	0	0	0	0	0	0	0	0	0	0	0	0	0	0
ENSDARG00000085315	RF00001	0	0	0	0	0	0.815533520618349	0	0	0	0.922609309128644	0	0	0	0	0	0	0	0	0
ENSDARG00000085317	RF00001	0	0	0	0	0	0	0	0	0	0	0	0	0	0	0	0	0	0	0
ENSDARG00000085328	RF00001	0	0	0	0	0	0	0	0	0	0	0	0	0	0	2.25935440517035	0	0	0	0
ENSDARG00000085332	RF00020	0	0	0	0	0	0	0	0	0	0	0	0	0	0	0	0	0	0	2.24695755967024
ENSDARG00000085336	RF00001	0	0	0	0	0	0	0	0	0	0	0	0	0	0	0	0	0	0.935132034617592	0
ENSDARG00000085337	RF00001	0	0	0	0	0	0	0	0	1.31021480588065	0	0	0.873799880419591	0	0	0	0	0	0	0
